1, 0022300061, 1610612747, 41, 90, 10, 29, 15, 20, 13, 31, 23, 5, 4, 11, 18, 107
2, 0022300062, 1610612756, 42, 95, 11, 33, 13, 17, 17, 43, 23, 5, 7, 19, 22, 108
3, 0022300063, 1610612766, 43, 86, 11, 37, 19, 26, 12, 39, 34, 5, 3, 19, 21, 116
4, 0022300064, 1610612764, 44, 96, 9, 24, 23, 29, 11, 34, 28, 6, 9, 14, 11, 120
5, 0022300065, 1610612752, 36, 97, 18, 41, 14, 26, 17, 30, 24, 9, 0, 9, 22, 104
6, 0022300066, 1610612753, 42, 87, 9, 34, 23, 26, 17, 40, 19, 8, 6, 14, 20, 116
7, 0022300067, 1610612739, 44, 94, 17, 43, 9, 10, 9, 29, 25, 10, 6, 10, 23, 114
8, 0022300068, 1610612748, 37, 92, 8, 22, 21, 26, 16, 32, 22, 11, 3, 7, 18, 103
9, 0022300069, 1610612761, 36, 90, 14, 35, 11, 16, 8, 39, 27, 9, 11, 14, 18, 97
10, 0022300070, 1610612760, 45, 82, 19, 39, 15, 18, 5, 38, 30, 6, 4, 15, 19, 124
11, 0022300071, 1610612740, 40, 85, 14, 32, 17, 22, 11, 41, 22, 8, 5, 21, 21, 111
12, 0022300072, 1610612762, 41, 91, 9, 28, 23, 31, 16, 38, 22, 6, 2, 14, 20, 114
13, 0022300073, 1610612759, 46, 89, 11, 35, 16, 22, 9, 36, 33, 8, 5, 19, 23, 119
14, 0022300074, 1610612757, 44, 93, 10, 32, 13, 17, 15, 25, 20, 10, 4, 17, 20, 111
15, 0022300075, 1610612755, 41, 80, 16, 35, 19, 28, 4, 35, 25, 8, 4, 15, 28, 117
16, 0022300076, 1610612756, 34, 81, 9, 31, 18, 23, 10, 39, 16, 7, 3, 20, 21, 95
17, 0022300077, 1610612765, 40, 88, 10, 30, 21, 25, 12, 41, 28, 7, 6, 23, 29, 111
18, 0022300078, 1610612763, 37, 84, 10, 33, 20, 24, 13, 35, 22, 13, 7, 20, 23, 104
19, 0022300079, 1610612752, 43, 90, 20, 44, 20, 28, 12, 33, 30, 9, 6, 16, 21, 126
20, 0022300080, 1610612748, 38, 89, 16, 33, 19, 23, 11, 34, 24, 8, 6, 12, 16, 111
21, 0022300081, 1610612760, 40, 87, 13, 26, 15, 19, 6, 41, 22, 8, 10, 18, 17, 108
22, 0022300082, 1610612761, 39, 84, 9, 36, 16, 25, 8, 45, 25, 5, 2, 21, 29, 103
23, 0022300083, 1610612759, 46, 94, 13, 42, 21, 28, 12, 31, 32, 11, 4, 18, 17, 126
24, 0022300084, 1610612742, 44, 91, 15, 36, 22, 28, 8, 32, 20, 5, 2, 9, 15, 125
25, 0022300085, 1610612762, 42, 96, 16, 41, 20, 22, 17, 28, 27, 7, 4, 14, 24, 120
26, 0022300086, 1610612757, 35, 88, 9, 32, 18, 21, 15, 32, 15, 6, 1, 16, 24, 97
27, 0022300087, 1610612758, 41, 94, 12, 40, 20, 29, 10, 31, 24, 10, 3, 14, 16, 114
28, 0022300088, 1610612765, 45, 86, 12, 28, 16, 20, 15, 38, 29, 4, 4, 15, 18, 118
29, 0022300089, 1610612764, 40, 93, 16, 46, 17, 22, 11, 34, 25, 9, 5, 11, 15, 113
30, 0022300090, 1610612752, 33, 90, 7, 37, 14, 18, 16, 43, 19, 7, 3, 18, 17, 87
31, 0022300091, 1610612754, 48, 98, 15, 38, 14, 17, 11, 37, 36, 3, 4, 7, 20, 125
32, 0022300092, 1610612761, 38, 87, 17, 32, 14, 19, 13, 28, 28, 5, 5, 13, 19, 107
33, 0022300093, 1610612750, 44, 86, 12, 34, 6, 8, 7, 40, 30, 9, 3, 14, 17, 106
34, 0022300094, 1610612762, 40, 91, 12, 37, 12, 14, 15, 30, 26, 6, 5, 18, 20, 104
35, 0022300095, 1610612760, 37, 90, 6, 32, 15, 18, 7, 22, 22, 8, 4, 9, 14, 95
36, 0022300096, 1610612745, 34, 90, 9, 33, 18, 19, 10, 32, 22, 7, 4, 7, 20, 95
37, 0022300097, 1610612749, 39, 86, 16, 44, 16, 20, 12, 27, 22, 10, 3, 23, 22, 110
38, 0022300098, 1610612757, 36, 94, 7, 31, 19, 22, 14, 28, 19, 10, 9, 15, 26, 98
39, 0022300099, 1610612759, 30, 80, 11, 33, 12, 16, 6, 31, 21, 9, 6, 25, 23, 83
40, 0022300100, 1610612758, 49, 104, 17, 48, 17, 24, 6, 41, 30, 6, 7, 10, 28, 132
41, 0022300101, 1610612766, 47, 96, 8, 31, 19, 20, 8, 31, 33, 8, 5, 9, 23, 121
42, 0022300102, 1610612754, 36, 88, 12, 46, 21, 25, 11, 36, 26, 7, 5, 17, 24, 105
43, 0022300103, 1610612764, 39, 87, 11, 36, 18, 26, 11, 29, 26, 12, 4, 15, 13, 107
44, 0022300104, 1610612750, 44, 90, 16, 33, 9, 15, 10, 28, 24, 5, 5, 10, 17, 113
45, 0022300105, 1610612761, 38, 94, 4, 29, 11, 15, 14, 33, 19, 10, 4, 11, 17, 91
46, 0022300106, 1610612763, 42, 92, 14, 37, 12, 20, 10, 34, 22, 9, 4, 12, 22, 110
47, 0022300107, 1610612749, 44, 87, 12, 37, 22, 30, 9, 34, 24, 8, 5, 14, 23, 122
48, 0022300108, 1610612740, 38, 93, 10, 39, 16, 26, 14, 25, 23, 8, 3, 11, 18, 102
49, 0022300109, 1610612760, 44, 83, 13, 29, 23, 28, 6, 38, 21, 9, 10, 15, 19, 124
50, 0022300110, 1610612762, 42, 98, 11, 37, 7, 15, 17, 34, 30, 6, 2, 12, 21, 102
51, 0022300111, 1610612753, 38, 95, 14, 35, 13, 18, 12, 32, 28, 10, 3, 11, 22, 103
52, 0022300112, 1610612752, 38, 86, 13, 34, 20, 25, 12, 36, 18, 9, 1, 14, 17, 109
53, 0022300113, 1610612759, 43, 92, 14, 37, 15, 20, 8, 29, 25, 10, 9, 12, 17, 115
54, 0022300114, 1610612753, 38, 81, 7, 30, 19, 33, 7, 33, 23, 9, 3, 16, 24, 102
55, 0022300115, 1610612757, 38, 81, 7, 20, 27, 33, 7, 37, 23, 10, 7, 17, 15, 110
56, 0022300116, 1610612761, 51, 91, 15, 38, 13, 14, 15, 35, 35, 7, 6, 16, 25, 130
57, 0022300117, 1610612764, 51, 101, 10, 40, 9, 14, 6, 29, 32, 14, 3, 11, 25, 121
58, 0022300118, 1610612754, 46, 101, 5, 37, 7, 12, 8, 23, 26, 6, 6, 9, 20, 104
59, 0022300119, 1610612748, 39, 91, 13, 38, 14, 18, 11, 35, 22, 10, 5, 16, 20, 105
60, 0022300120, 1610612752, 32, 92, 5, 30, 20, 30, 16, 34, 18, 10, 3, 13, 16, 89
61, 0022300121, 1610612760, 38, 88, 7, 34, 23, 25, 6, 43, 23, 6, 5, 14, 24, 106
62, 0022300122, 1610612745, 44, 84, 21, 37, 19, 23, 7, 31, 35, 10, 2, 17, 22, 128
63, 0022300123, 1610612750, 38, 83, 8, 21, 26, 27, 8, 39, 20, 9, 5, 13, 15, 110
64, 0022300124, 1610612742, 37, 81, 20, 48, 20, 28, 13, 32, 23, 7, 2, 13, 11, 114
65, 0022300125, 1610612762, 47, 87, 22, 43, 17, 24, 10, 40, 35, 7, 3, 21, 22, 133
66, 0022300126, 1610612758, 36, 88, 11, 35, 18, 23, 14, 34, 24, 8, 4, 12, 17, 101
67, 0022300127, 1610612747, 46, 90, 11, 32, 27, 36, 9, 42, 28, 10, 9, 14, 24, 130
68, 0022300128, 1610612761, 38, 79, 10, 28, 13, 19, 9, 32, 30, 4, 3, 19, 20, 99
69, 0022300129, 1610612740, 39, 80, 14, 32, 33, 35, 7, 29, 27, 5, 7, 12, 18, 125
70, 0022300130, 1610612762, 41, 89, 12, 33, 19, 26, 13, 35, 27, 9, 7, 20, 27, 113
71, 0022300131, 1610612759, 51, 98, 18, 37, 12, 13, 9, 32, 37, 7, 5, 8, 21, 132
72, 0022300001, 1610612754, 45, 86, 15, 31, 16, 24, 7, 33, 28, 7, 5, 18, 18, 121
73, 0022300002, 1610612752, 38, 96, 10, 39, 19, 25, 16, 40, 18, 6, 1, 10, 22, 105
74, 0022300003, 1610612764, 46, 81, 13, 28, 9, 17, 4, 26, 33, 7, 4, 20, 18, 114
75, 0022300004, 1610612741, 43, 89, 11, 28, 10, 14, 9, 33, 21, 4, 4, 10, 13, 107
76, 0022300005, 1610612760, 50, 83, 15, 29, 24, 30, 7, 25, 26, 3, 1, 19, 20, 139
77, 0022300006, 1610612743, 49, 93, 13, 30, 14, 19, 19, 32, 33, 11, 6, 17, 17, 125
78, 0022300007, 1610612757, 39, 96, 9, 32, 28, 36, 15, 35, 19, 12, 7, 14, 15, 115
79, 0022300132, 1610612756, 32, 89, 9, 35, 27, 33, 15, 27, 22, 11, 12, 10, 11, 100
80, 0022300133, 1610612754, 45, 93, 22, 45, 12, 16, 11, 25, 31, 7, 5, 14, 18, 124
81, 0022300134, 1610612753, 46, 101, 12, 33, 16, 19, 19, 32, 29, 6, 9, 15, 18, 120
82, 0022300135, 1610612740, 40, 84, 8, 31, 17, 21, 9, 26, 24, 9, 7, 9, 15, 105
83, 0022300136, 1610612738, 43, 90, 15, 45, 23, 27, 10, 40, 22, 4, 6, 11, 17, 124
84, 0022300137, 1610612758, 32, 84, 11, 41, 14, 19, 8, 35, 20, 5, 6, 11, 19, 89
85, 0022300138, 1610612762, 35, 91, 12, 43, 13, 17, 17, 22, 20, 3, 7, 18, 20, 95
86, 0022300139, 1610612743, 42, 81, 16, 36, 23, 30, 10, 39, 31, 10, 4, 11, 18, 123
87, 0022300140, 1610612756, 43, 86, 8, 21, 26, 29, 14, 29, 29, 8, 10, 18, 13, 120
88, 0022300141, 1610612761, 44, 97, 19, 48, 16, 26, 13, 34, 29, 12, 6, 14, 15, 123
89, 0022300142, 1610612744, 34, 94, 16, 41, 20, 30, 17, 27, 26, 10, 4, 13, 18, 104
90, 0022300143, 1610612742, 43, 91, 14, 42, 24, 32, 9, 38, 31, 3, 6, 10, 19, 124
91, 0022300144, 1610612757, 37, 95, 14, 45, 12, 15, 16, 31, 23, 11, 5, 14, 21, 100
92, 0022300145, 1610612744, 46, 97, 12, 41, 16, 21, 17, 27, 26, 8, 4, 11, 14, 120
93, 0022300146, 1610612759, 40, 94, 8, 26, 23, 30, 12, 24, 26, 7, 5, 11, 15, 111
94, 0022300147, 1610612753, 40, 85, 8, 27, 14, 18, 6, 32, 27, 6, 4, 20, 24, 102
95, 0022300148, 1610612764, 49, 96, 14, 34, 16, 20, 10, 28, 31, 6, 10, 19, 26, 128
96, 0022300149, 1610612749, 46, 96, 16, 48, 21, 24, 12, 36, 26, 6, 2, 10, 13, 129
97, 0022300150, 1610612748, 41, 88, 12, 37, 14, 16, 11, 33, 30, 11, 4, 17, 14, 108
98, 0022300151, 1610612752, 41, 88, 12, 31, 17, 18, 18, 30, 28, 13, 1, 19, 13, 111
99, 0022300152, 1610612762, 41, 86, 16, 43, 15, 17, 17, 35, 32, 1, 7, 22, 20, 113
100, 0022300153, 1610612758, 36, 81, 14, 40, 11, 20, 12, 22, 22, 5, 2, 13, 22, 97
101, 0022300154, 1610612750, 44, 85, 13, 37, 13, 25, 6, 39, 26, 7, 5, 23, 26, 114
102, 0022300155, 1610612760, 45, 94, 14, 35, 22, 23, 11, 38, 27, 7, 7, 13, 22, 126
103, 0022300156, 1610612740, 45, 90, 13, 30, 13, 15, 8, 30, 24, 6, 2, 13, 18, 116
104, 0022300157, 1610612764, 47, 97, 18, 43, 20, 25, 13, 27, 26, 10, 6, 10, 26, 132
105, 0022300158, 1610612762, 45, 96, 11, 27, 17, 18, 16, 31, 26, 3, 5, 21, 17, 118
106, 0022300159, 1610612755, 42, 95, 9, 34, 13, 15, 12, 44, 20, 7, 7, 12, 16, 106
107, 0022300160, 1610612746, 36, 91, 8, 36, 13, 13, 11, 40, 22, 10, 8, 15, 15, 93
108, 0022300161, 1610612759, 44, 90, 9, 34, 8, 13, 11, 35, 31, 2, 7, 13, 22, 105
109, 0022300162, 1610612756, 38, 90, 19, 48, 21, 25, 13, 41, 32, 7, 10, 21, 20, 116
110, 0022300163, 1610612747, 36, 85, 7, 25, 15, 24, 5, 29, 20, 7, 6, 9, 18, 94
111, 0022300164, 1610612748, 35, 77, 11, 28, 27, 32, 9, 35, 22, 9, 8, 19, 24, 108
112, 0022300165, 1610612749, 41, 90, 11, 37, 27, 32, 5, 31, 19, 8, 7, 10, 18, 120
113, 0022300166, 1610612740, 36, 93, 8, 28, 21, 22, 11, 29, 23, 6, 1, 17, 23, 101
114, 0022300167, 1610612760, 44, 86, 12, 28, 28, 30, 12, 29, 23, 10, 8, 14, 27, 128
115, 0022300168, 1610612761, 49, 99, 11, 36, 18, 27, 15, 35, 27, 10, 4, 11, 25, 127
116, 0022300169, 1610612744, 37, 86, 11, 35, 20, 26, 11, 38, 21, 5, 0, 9, 20, 105
117, 0022300170, 1610612758, 41, 89, 11, 37, 28, 38, 15, 35, 32, 11, 6, 21, 24, 121
118, 0022300171, 1610612749, 46, 87, 9, 27, 23, 26, 5, 36, 23, 6, 5, 14, 19, 124
119, 0022300172, 1610612753, 42, 90, 10, 27, 25, 35, 18, 29, 19, 12, 6, 19, 24, 119
120, 0022300008, 1610612755, 35, 83, 9, 28, 35, 41, 11, 35, 23, 13, 5, 8, 23, 114
121, 0022300009, 1610612764, 43, 88, 14, 38, 17, 20, 7, 29, 28, 4, 6, 15, 23, 117
122, 0022300010, 1610612738, 41, 94, 19, 52, 20, 28, 17, 35, 29, 5, 3, 7, 13, 121
123, 0022300011, 1610612740, 34, 75, 8, 25, 25, 34, 8, 41, 12, 6, 6, 18, 26, 101
124, 0022300012, 1610612762, 41, 76, 18, 37, 27, 29, 8, 30, 28, 10, 12, 19, 17, 127
125, 0022300013, 1610612759, 43, 92, 12, 34, 12, 19, 7, 31, 29, 9, 8, 14, 21, 110
126, 0022300014, 1610612746, 43, 88, 8, 27, 32, 36, 19, 28, 21, 7, 2, 14, 27, 126
127, 0022300015, 1610612756, 42, 94, 15, 37, 20, 27, 17, 35, 22, 9, 1, 13, 24, 119
128, 0022300016, 1610612758, 38, 91, 13, 47, 16, 21, 16, 36, 28, 10, 9, 17, 22, 105
129, 0022300173, 1610612753, 36, 84, 10, 26, 30, 35, 15, 28, 24, 9, 2, 13, 17, 112
130, 0022300174, 1610612761, 35, 91, 10, 37, 14, 16, 7, 30, 25, 8, 1, 8, 14, 94
131, 0022300175, 1610612748, 41, 84, 12, 38, 23, 25, 7, 32, 23, 10, 4, 15, 14, 117
132, 0022300176, 1610612744, 37, 90, 13, 38, 23, 30, 15, 40, 26, 5, 3, 20, 29, 110
133, 0022300177, 1610612752, 47, 87, 15, 36, 20, 30, 10, 30, 25, 8, 4, 9, 18, 129
134, 0022300178, 1610612764, 33, 88, 10, 41, 18, 25, 7, 35, 20, 14, 3, 12, 15, 94
135, 0022300179, 1610612763, 37, 88, 13, 41, 18, 24, 11, 30, 25, 7, 6, 16, 23, 105
136, 0022300180, 1610612755, 53, 105, 14, 33, 17, 20, 23, 31, 28, 5, 7, 11, 15, 137
137, 0022300181, 1610612765, 38, 88, 11, 32, 21, 26, 16, 33, 26, 4, 6, 16, 19, 108
138, 0022300182, 1610612745, 37, 87, 10, 32, 23, 29, 12, 33, 20, 7, 4, 9, 16, 107
139, 0022300183, 1610612740, 47, 92, 17, 36, 13, 22, 13, 41, 31, 2, 3, 18, 20, 124
140, 0022300184, 1610612759, 42, 91, 19, 44, 10, 12, 11, 39, 35, 3, 6, 17, 21, 113
141, 0022300185, 1610612756, 32, 83, 9, 29, 26, 31, 16, 35, 20, 4, 7, 17, 19, 99
142, 0022300186, 1610612750, 43, 82, 9, 27, 21, 30, 9, 38, 27, 8, 6, 14, 19, 116
143, 0022300187, 1610612757, 45, 90, 13, 37, 7, 9, 5, 33, 29, 2, 8, 15, 25, 110
144, 0022300188, 1610612752, 33, 79, 15, 35, 17, 24, 12, 25, 17, 5, 2, 8, 16, 98
145, 0022300189, 1610612764, 43, 84, 12, 26, 9, 12, 8, 30, 32, 11, 5, 22, 22, 107
146, 0022300190, 1610612749, 42, 89, 15, 47, 19, 27, 13, 40, 23, 3, 5, 15, 23, 118
147, 0022300191, 1610612758, 49, 83, 20, 42, 14, 22, 8, 29, 32, 3, 4, 10, 19, 132
148, 0022300017, 1610612748, 40, 83, 8, 31, 23, 28, 10, 32, 26, 12, 5, 7, 19, 111
149, 0022300018, 1610612765, 47, 90, 10, 29, 16, 23, 14, 28, 36, 9, 6, 17, 20, 120
150, 0022300019, 1610612755, 43, 86, 6, 22, 34, 35, 5, 33, 22, 5, 3, 16, 26, 126
151, 0022300020, 1610612753, 36, 82, 16, 46, 16, 21, 9, 28, 23, 9, 4, 14, 16, 104
152, 0022300021, 1610612759, 36, 93, 9, 30, 6, 9, 13, 30, 24, 7, 6, 24, 13, 87
153, 0022300022, 1610612740, 49, 94, 14, 38, 19, 26, 12, 30, 33, 17, 6, 12, 20, 131
154, 0022300023, 1610612762, 44, 95, 13, 43, 14, 15, 16, 36, 26, 11, 6, 12, 18, 115
155, 0022300024, 1610612746, 37, 86, 13, 29, 21, 24, 14, 28, 21, 10, 1, 10, 24, 108
156, 0022300025, 1610612750, 36, 81, 14, 34, 18, 21, 9, 33, 24, 9, 5, 19, 19, 104
157, 0022300026, 1610612763, 39, 106, 20, 53, 9, 12, 13, 20, 28, 8, 9, 9, 15, 107
158, 0022300192, 1610612764, 43, 89, 12, 36, 19, 23, 8, 38, 23, 6, 1, 12, 22, 117
159, 0022300193, 1610612752, 45, 94, 16, 34, 10, 11, 14, 28, 29, 9, 2, 16, 20, 116
160, 0022300194, 1610612755, 39, 85, 11, 30, 18, 22, 10, 31, 18, 5, 1, 9, 14, 107
161, 0022300195, 1610612761, 38, 96, 9, 33, 27, 31, 26, 29, 28, 10, 8, 14, 19, 112
162, 0022300196, 1610612753, 32, 82, 8, 28, 24, 30, 12, 34, 20, 12, 3, 13, 21, 96
163, 0022300197, 1610612756, 51, 85, 17, 31, 14, 15, 5, 27, 31, 1, 4, 9, 21, 133
164, 0022300198, 1610612758, 48, 96, 16, 44, 13, 17, 11, 34, 31, 20, 1, 15, 20, 125
165, 0022300199, 1610612757, 34, 91, 13, 38, 14, 16, 8, 22, 24, 9, 3, 12, 21, 95
166, 0022300200, 1610612748, 42, 81, 15, 35, 23, 24, 7, 25, 26, 8, 3, 9, 20, 122
167, 0022300201, 1610612760, 44, 87, 19, 32, 21, 23, 7, 35, 31, 10, 3, 12, 20, 128
168, 0022300027, 1610612749, 49, 89, 22, 45, 10, 13, 4, 45, 32, 4, 7, 13, 21, 130
169, 0022300028, 1610612764, 37, 82, 10, 32, 15, 16, 7, 25, 25, 4, 4, 14, 18, 99
170, 0022300029, 1610612755, 43, 88, 13, 30, 27, 28, 13, 30, 32, 9, 4, 15, 20, 126
171, 0022300030, 1610612765, 39, 91, 9, 35, 13, 15, 18, 33, 20, 8, 6, 17, 19, 100
172, 0022300031, 1610612761, 42, 87, 12, 33, 9, 14, 5, 36, 29, 4, 1, 13, 11, 105
173, 0022300032, 1610612759, 43, 92, 15, 36, 19, 23, 6, 36, 33, 7, 3, 15, 21, 120
174, 0022300033, 1610612753, 38, 79, 11, 34, 16, 23, 10, 36, 24, 7, 7, 17, 22, 103
175, 0022300034, 1610612740, 46, 88, 12, 23, 11, 21, 4, 35, 33, 8, 5, 9, 13, 115
176, 0022300035, 1610612762, 43, 85, 16, 36, 26, 31, 10, 29, 27, 3, 10, 8, 23, 128
177, 0022300036, 1610612757, 36, 89, 10, 37, 13, 18, 19, 29, 17, 11, 2, 18, 17, 95
178, 0022300037, 1610612746, 36, 83, 13, 34, 21, 30, 8, 39, 22, 10, 7, 12, 19, 106
179, 0022300202, 1610612752, 46, 91, 16, 37, 14, 19, 13, 34, 27, 7, 4, 12, 13, 122
180, 0022300203, 1610612740, 44, 86, 12, 29, 20, 23, 13, 27, 27, 9, 5, 17, 26, 120
181, 0022300204, 1610612748, 33, 77, 12, 36, 19, 23, 5, 29, 23, 9, 0, 15, 18, 97
182, 0022300205, 1610612749, 49, 94, 17, 45, 17, 20, 5, 36, 29, 8, 3, 6, 16, 132
183, 0022300206, 1610612759, 36, 83, 15, 40, 21, 26, 12, 28, 26, 5, 9, 15, 28, 108
184, 0022300207, 1610612760, 52, 100, 8, 23, 18, 20, 9, 38, 26, 8, 7, 10, 16, 130
185, 0022300208, 1610612755, 44, 94, 16, 35, 17, 18, 10, 34, 32, 8, 4, 4, 18, 121
186, 0022300211, 1610612761, 55, 102, 14, 36, 18, 29, 12, 35, 44, 10, 5, 7, 23, 142
187, 0022300209, 1610612753, 43, 87, 7, 20, 35, 42, 8, 34, 21, 10, 10, 15, 23, 128
188, 0022300210, 1610612743, 39, 82, 14, 29, 17, 23, 9, 24, 23, 7, 5, 11, 21, 109
189, 0022300212, 1610612758, 48, 90, 17, 40, 16, 21, 14, 34, 34, 9, 3, 12, 20, 129
190, 0022300213, 1610612763, 37, 95, 17, 44, 9, 10, 14, 28, 28, 7, 5, 9, 21, 100
191, 0022300214, 1610612762, 48, 115, 15, 46, 26, 32, 27, 32, 27, 11, 5, 18, 27, 137
192, 0022300215, 1610612757, 34, 85, 9, 34, 14, 21, 13, 18, 21, 10, 2, 17, 15, 91
193, 0022300216, 1610612747, 39, 83, 6, 29, 21, 29, 10, 32, 26, 13, 1, 17, 13, 105
194, 0022300217, 1610612766, 46, 104, 13, 39, 16, 17, 17, 40, 29, 9, 7, 13, 18, 121
195, 0022300218, 1610612765, 36, 81, 7, 21, 24, 26, 11, 32, 21, 7, 5, 18, 24, 103
196, 0022300219, 1610612764, 55, 99, 10, 29, 9, 11, 5, 21, 29, 6, 4, 4, 19, 129
197, 0022300220, 1610612748, 42, 84, 17, 35, 17, 20, 9, 34, 31, 7, 1, 8, 19, 118
198, 0022300221, 1610612752, 32, 92, 9, 38, 27, 34, 17, 33, 16, 8, 3, 10, 23, 100
199, 0022300222, 1610612758, 33, 87, 11, 45, 16, 24, 9, 27, 27, 4, 5, 13, 21, 93
200, 0022300223, 1610612759, 39, 90, 10, 38, 11, 14, 13, 36, 23, 4, 7, 16, 17, 99
201, 0022300224, 1610612745, 44, 95, 13, 41, 15, 19, 15, 33, 28, 6, 3, 8, 24, 116
202, 0022300038, 1610612761, 38, 75, 14, 28, 17, 22, 5, 33, 29, 6, 6, 23, 20, 107
203, 0022300039, 1610612754, 57, 94, 22, 45, 21, 28, 7, 22, 35, 7, 11, 13, 25, 157
204, 0022300040, 1610612755, 40, 96, 11, 35, 28, 34, 14, 30, 19, 12, 8, 14, 25, 119
205, 0022300041, 1610612757, 38, 87, 14, 31, 17, 20, 12, 18, 20, 8, 3, 13, 20, 107
206, 0022300042, 1610612762, 38, 98, 11, 44, 12, 16, 13, 29, 25, 6, 3, 14, 22, 99
207, 0022300225, 1610612764, 44, 97, 11, 32, 15, 18, 11, 36, 26, 7, 3, 10, 18, 114
208, 0022300226, 1610612753, 44, 81, 10, 29, 26, 30, 11, 30, 27, 9, 7, 12, 21, 124
209, 0022300227, 1610612751, 55, 113, 15, 35, 20, 24, 22, 37, 28, 8, 6, 16, 24, 145
210, 0022300228, 1610612749, 45, 101, 13, 34, 13, 17, 13, 34, 23, 9, 2, 9, 19, 116
211, 0022300229, 1610612748, 46, 88, 20, 35, 17, 21, 10, 31, 30, 11, 7, 10, 19, 129
212, 0022300230, 1610612761, 48, 90, 11, 27, 25, 30, 13, 33, 26, 7, 3, 17, 15, 132
213, 0022300231, 1610612763, 27, 82, 7, 32, 30, 35, 9, 37, 17, 3, 7, 9, 19, 91
214, 0022300232, 1610612755, 34, 87, 7, 32, 24, 30, 16, 32, 21, 9, 12, 14, 23, 99
215, 0022300233, 1610612758, 34, 76, 15, 44, 29, 35, 4, 34, 22, 3, 1, 15, 25, 112
216, 0022300234, 1610612760, 37, 75, 11, 29, 31, 38, 11, 34, 24, 4, 12, 12, 17, 116
217, 0022300235, 1610612759, 35, 91, 11, 38, 21, 23, 10, 34, 26, 8, 6, 13, 24, 102
218, 0022300236, 1610612756, 34, 76, 11, 28, 44, 52, 11, 32, 22, 9, 8, 15, 22, 123
219, 0022300237, 1610612762, 37, 79, 10, 31, 21, 26, 14, 30, 25, 7, 3, 21, 13, 105
220, 0022300238, 1610612747, 39, 84, 11, 29, 12, 19, 9, 42, 26, 1, 2, 11, 17, 101
221, 0022300043, 1610612753, 43, 85, 11, 28, 16, 22, 13, 35, 23, 5, 3, 18, 28, 113
222, 0022300044, 1610612756, 39, 76, 11, 31, 21, 28, 7, 34, 22, 10, 6, 12, 12, 110
223, 0022300045, 1610612752, 39, 81, 10, 29, 12, 18, 6, 40, 21, 7, 2, 18, 14, 100
224, 0022300046, 1610612761, 44, 83, 13, 39, 20, 27, 13, 27, 32, 8, 6, 14, 14, 121
225, 0022300047, 1610612754, 49, 102, 16, 38, 22, 24, 15, 25, 24, 7, 8, 8, 21, 136
226, 0022300048, 1610612745, 40, 82, 12, 29, 13, 15, 6, 43, 25, 9, 9, 14, 21, 105
227, 0022300049, 1610612764, 48, 100, 15, 37, 17, 21, 12, 34, 29, 3, 4, 8, 24, 128
228, 0022300050, 1610612758, 49, 100, 17, 35, 9, 11, 14, 32, 25, 7, 4, 13, 19, 124
229, 0022300051, 1610612759, 45, 100, 12, 47, 10, 12, 15, 31, 28, 10, 3, 19, 18, 112
230, 0022300052, 1610612740, 43, 88, 10, 24, 20, 27, 12, 38, 26, 6, 5, 15, 19, 116
231, 0022300239, 1610612755, 38, 83, 14, 41, 37, 45, 17, 32, 30, 2, 9, 12, 26, 127
232, 0022300240, 1610612748, 38, 87, 11, 34, 10, 13, 13, 31, 24, 6, 3, 17, 18, 97
233, 0022300241, 1610612764, 43, 88, 10, 38, 12, 12, 8, 33, 33, 5, 6, 20, 17, 108
234, 0022300242, 1610612747, 47, 90, 9, 27, 18, 21, 9, 35, 34, 9, 8, 18, 15, 121
235, 0022300243, 1610612762, 38, 87, 15, 43, 14, 17, 14, 38, 23, 8, 6, 23, 13, 105
236, 0022300244, 1610612746, 38, 88, 8, 29, 23, 31, 17, 40, 25, 2, 6, 12, 16, 107
237, 0022300245, 1610612757, 37, 91, 13, 32, 15, 20, 11, 29, 21, 15, 4, 17, 26, 102
238, 0022300246, 1610612738, 42, 95, 13, 47, 16, 20, 18, 40, 24, 9, 3, 12, 19, 113
239, 0022300247, 1610612756, 42, 91, 16, 38, 16, 21, 18, 29, 27, 4, 11, 11, 25, 116
240, 0022300248, 1610612753, 47, 87, 10, 27, 26, 33, 7, 37, 33, 10, 3, 14, 26, 130
241, 0022300249, 1610612750, 43, 81, 15, 34, 18, 23, 6, 36, 30, 5, 5, 14, 26, 119
242, 0022300250, 1610612741, 40, 83, 12, 32, 17, 22, 10, 30, 21, 3, 2, 11, 18, 109
243, 0022300251, 1610612761, 37, 89, 8, 32, 20, 29, 17, 33, 17, 9, 3, 12, 11, 102
244, 0022300252, 1610612759, 42, 93, 14, 37, 22, 26, 10, 25, 34, 10, 6, 15, 22, 120
245, 0022300253, 1610612764, 45, 89, 10, 29, 26, 28, 6, 40, 29, 8, 6, 15, 19, 126
246, 0022300254, 1610612757, 40, 85, 9, 18, 25, 31, 9, 29, 20, 6, 4, 16, 21, 114
247, 0022300255, 1610612755, 47, 93, 22, 46, 22, 26, 15, 33, 33, 11, 2, 5, 17, 138
248, 0022300256, 1610612762, 37, 88, 17, 48, 23, 28, 9, 34, 31, 6, 4, 10, 23, 114
249, 0022300257, 1610612746, 35, 85, 6, 20, 28, 34, 16, 33, 18, 6, 9, 13, 23, 104
250, 0022300053, 1610612741, 39, 90, 9, 28, 10, 18, 9, 28, 25, 11, 7, 8, 13, 97
251, 0022300054, 1610612761, 39, 101, 13, 36, 12, 19, 15, 31, 27, 11, 3, 7, 21, 103
252, 0022300055, 1610612739, 50, 93, 13, 36, 15, 17, 12, 43, 27, 8, 12, 16, 20, 128
253, 0022300056, 1610612749, 47, 88, 13, 35, 24, 27, 8, 37, 26, 3, 4, 9, 21, 131
254, 0022300057, 1610612752, 41, 88, 15, 38, 18, 20, 15, 39, 21, 10, 7, 16, 12, 115
255, 0022300058, 1610612760, 37, 90, 11, 30, 18, 23, 9, 27, 22, 8, 4, 8, 23, 103
256, 0022300059, 1610612745, 42, 85, 8, 29, 23, 29, 10, 30, 33, 2, 6, 12, 27, 115
257, 0022300060, 1610612758, 41, 91, 15, 44, 27, 42, 12, 34, 25, 8, 7, 10, 23, 124
258, 0022300258, 1610612747, 45, 88, 12, 34, 31, 38, 8, 41, 28, 7, 10, 12, 12, 133
259, 0022300259, 1610612764, 41, 87, 11, 29, 27, 35, 7, 22, 28, 14, 3, 10, 20, 120
260, 0022300260, 1610612761, 42, 93, 10, 27, 18, 21, 15, 34, 25, 7, 5, 9, 22, 112
261, 0022300261, 1610612762, 34, 90, 16, 39, 7, 12, 12, 27, 26, 8, 8, 17, 14, 91
262, 0022300262, 1610612755, 42, 81, 14, 34, 16, 18, 8, 22, 28, 8, 7, 21, 26, 114
263, 0022300263, 1610612745, 47, 86, 16, 41, 14, 19, 8, 27, 27, 3, 5, 8, 20, 124
264, 0022300264, 1610612758, 40, 86, 13, 41, 24, 28, 13, 34, 22, 1, 1, 14, 20, 117
265, 0022300265, 1610612757, 39, 77, 14, 35, 11, 11, 9, 31, 29, 10, 4, 22, 17, 103
266, 0022300266, 1610612766, 46, 91, 21, 36, 16, 16, 13, 28, 30, 6, 7, 9, 16, 129
267, 0022300267, 1610612748, 48, 86, 8, 21, 38, 45, 10, 38, 25, 4, 1, 14, 28, 142
268, 0022300268, 1610612752, 41, 88, 16, 41, 20, 28, 12, 29, 25, 8, 3, 11, 17, 118
269, 0022300269, 1610612749, 44, 98, 16, 48, 9, 13, 9, 34, 28, 12, 6, 20, 21, 113
270, 0022300270, 1610612762, 33, 87, 11, 34, 13, 14, 13, 38, 22, 6, 4, 19, 19, 90
271, 0022300271, 1610612760, 50, 94, 14, 42, 19, 22, 8, 40, 29, 9, 6, 7, 24, 133
272, 0022300272, 1610612759, 48, 89, 18, 41, 21, 23, 11, 36, 34, 4, 7, 21, 22, 135
273, 0022300273, 1610612746, 42, 95, 12, 32, 18, 24, 15, 28, 26, 5, 1, 6, 21, 114
274, 0022300274, 1610612764, 45, 89, 13, 28, 22, 31, 8, 32, 25, 8, 5, 14, 29, 125
275, 0022300275, 1610612755, 43, 94, 16, 35, 17, 23, 15, 27, 16, 16, 5, 16, 24, 119
276, 0022300276, 1610612761, 44, 100, 6, 32, 12, 17, 19, 29, 32, 7, 6, 12, 19, 106
277, 0022300277, 1610612763, 44, 90, 11, 34, 9, 11, 13, 39, 27, 8, 12, 14, 23, 108
278, 0022300278, 1610612759, 38, 83, 16, 39, 14, 17, 8, 31, 28, 5, 5, 19, 21, 106
279, 0022300279, 1610612756, 39, 84, 9, 27, 24, 26, 8, 35, 22, 4, 9, 12, 17, 111
280, 0022300280, 1610612746, 44, 90, 13, 39, 12, 14, 5, 35, 31, 5, 6, 11, 21, 113
281, 0022300281, 1610612750, 43, 84, 11, 31, 26, 30, 10, 31, 26, 5, 3, 11, 16, 123
282, 0022300282, 1610612753, 35, 88, 9, 29, 22, 27, 8, 29, 24, 3, 5, 11, 27, 101
283, 0022300283, 1610612765, 39, 83, 8, 30, 15, 23, 10, 39, 24, 9, 3, 16, 20, 101
284, 0022300284, 1610612748, 48, 89, 12, 25, 21, 24, 6, 22, 27, 3, 1, 10, 22, 129
285, 0022300285, 1610612740, 41, 82, 8, 25, 28, 35, 13, 26, 20, 10, 1, 12, 17, 118
286, 0022300286, 1610612749, 53, 89, 14, 33, 12, 15, 8, 36, 33, 5, 6, 15, 19, 132
287, 0022300287, 1610612760, 44, 100, 20, 44, 18, 22, 16, 34, 24, 8, 5, 12, 24, 126
288, 0022300288, 1610612756, 36, 83, 9, 26, 35, 43, 12, 32, 24, 10, 5, 16, 21, 116
289, 0022300289, 1610612762, 46, 94, 7, 34, 19, 24, 16, 40, 27, 5, 11, 17, 21, 118
290, 0022300290, 1610612758, 48, 99, 16, 34, 11, 15, 9, 38, 33, 7, 5, 11, 14, 123
291, 0022300291, 1610612747, 40, 89, 8, 27, 19, 27, 9, 39, 24, 11, 7, 9, 17, 107
292, 0022301202, 1610612754, 43, 94, 19, 40, 17, 21, 7, 34, 28, 8, 4, 6, 15, 122
293, 0022301204, 1610612758, 38, 85, 14, 41, 27, 33, 11, 27, 29, 8, 2, 13, 18, 117
294, 0022301201, 1610612752, 43, 87, 7, 23, 29, 33, 12, 24, 27, 8, 4, 16, 17, 122
295, 0022301203, 1610612756, 37, 75, 12, 25, 17, 21, 8, 36, 25, 8, 5, 20, 21, 103
296, 0022301205, 1610612753, 41, 84, 2, 23, 27, 37, 7, 29, 22, 10, 6, 11, 21, 111
297, 0022301206, 1610612763, 47, 91, 11, 26, 11, 14, 9, 37, 26, 10, 8, 14, 9, 116
298, 0022301208, 1610612764, 52, 92, 14, 35, 8, 8, 2, 30, 39, 8, 6, 11, 22, 126
299, 0022301207, 1610612761, 37, 86, 14, 37, 15, 17, 8, 38, 29, 3, 8, 14, 18, 103
300, 0022301209, 1610612751, 43, 94, 11, 27, 17, 24, 12, 33, 24, 7, 6, 12, 19, 114
301, 0022301210, 1610612759, 38, 101, 8, 36, 10, 15, 13, 36, 23, 7, 4, 11, 17, 94
302, 0022301211, 1610612741, 38, 90, 12, 25, 23, 29, 21, 36, 23, 6, 6, 16, 16, 111
303, 0022301212, 1610612760, 37, 87, 8, 29, 19, 24, 4, 26, 22, 14, 10, 8, 21, 101
304, 0022301213, 1610612762, 35, 87, 12, 33, 15, 18, 11, 32, 22, 6, 3, 19, 20, 97
305, 0022301214, 1610612757, 39, 95, 16, 46, 12, 16, 11, 29, 22, 8, 3, 10, 30, 106
306, 0022301215, 1610612746, 40, 87, 12, 27, 19, 25, 13, 38, 21, 7, 9, 11, 14, 111
307, 0022301229, 1610612749, 43, 96, 12, 33, 21, 28, 12, 34, 19, 3, 9, 12, 17, 119
308, 0022301230, 1610612740, 34, 95, 7, 31, 14, 20, 12, 30, 22, 7, 5, 12, 21, 89
309, 0022301216, 1610612761, 47, 93, 6, 32, 16, 21, 14, 28, 32, 7, 2, 14, 21, 116
310, 0022301217, 1610612753, 49, 89, 10, 26, 15, 19, 6, 39, 26, 5, 4, 9, 20, 123
311, 0022301218, 1610612755, 42, 87, 11, 30, 30, 37, 14, 34, 24, 6, 8, 10, 14, 125
312, 0022301219, 1610612764, 38, 91, 6, 33, 15, 21, 12, 29, 19, 4, 7, 16, 19, 97
313, 0022301227, 1610612752, 44, 88, 15, 37, 20, 27, 12, 32, 28, 4, 3, 13, 20, 123
314, 0022301220, 1610612748, 37, 86, 15, 42, 10, 15, 7, 30, 23, 5, 5, 18, 23, 99
315, 0022301221, 1610612750, 44, 88, 15, 38, 24, 26, 15, 39, 30, 4, 8, 13, 17, 127
316, 0022301222, 1610612760, 51, 98, 5, 29, 31, 36, 11, 28, 15, 17, 7, 9, 22, 138
317, 0022301223, 1610612759, 39, 83, 17, 42, 17, 20, 10, 34, 35, 4, 9, 12, 20, 112
318, 0022301224, 1610612745, 35, 82, 13, 39, 31, 42, 11, 36, 21, 3, 3, 9, 20, 114
319, 0022301228, 1610612758, 42, 92, 14, 39, 16, 20, 15, 35, 25, 7, 0, 12, 22, 114
320, 0022301225, 1610612762, 38, 84, 9, 31, 18, 24, 8, 32, 23, 10, 10, 13, 17, 103
321, 0022301226, 1610612757, 39, 105, 18, 53, 16, 18, 18, 30, 20, 9, 1, 15, 24, 112
322, 0062300001, 1610612747, 47, 88, 2, 13, 27, 35, 12, 43, 25, 5, 10, 18, 25, 123
323, 0022300292, 1610612748, 37, 77, 15, 35, 27, 34, 8, 35, 31, 7, 3, 10, 22, 116
324, 0022300293, 1610612754, 52, 92, 13, 31, 14, 19, 11, 32, 33, 8, 5, 18, 20, 131
325, 0022300294, 1610612753, 39, 84, 7, 26, 19, 25, 12, 31, 22, 7, 8, 12, 22, 104
326, 0022300295, 1610612764, 36, 85, 9, 31, 20, 31, 13, 31, 21, 5, 2, 22, 19, 101
327, 0022300296, 1610612743, 47, 88, 12, 29, 23, 29, 14, 35, 29, 9, 8, 16, 19, 129
328, 0022300297, 1610612761, 47, 96, 14, 39, 22, 30, 17, 21, 32, 12, 0, 10, 21, 130
329, 0022300298, 1610612759, 31, 87, 5, 41, 15, 22, 9, 42, 20, 9, 5, 17, 14, 82
330, 0022300299, 1610612763, 41, 89, 18, 44, 13, 16, 10, 28, 26, 9, 5, 17, 19, 113
331, 0022300300, 1610612749, 44, 86, 15, 37, 30, 37, 6, 42, 34, 5, 4, 11, 21, 133
332, 0022300301, 1610612740, 40, 82, 10, 27, 31, 40, 10, 37, 27, 7, 7, 13, 20, 121
333, 0022300302, 1610612762, 44, 92, 12, 38, 20, 21, 9, 32, 32, 9, 9, 15, 21, 120
334, 0022300303, 1610612758, 48, 94, 25, 45, 10, 14, 10, 33, 38, 4, 3, 13, 24, 131
335, 0022300304, 1610612757, 43, 90, 19, 40, 22, 26, 11, 25, 25, 5, 4, 12, 21, 127
336, 0022300305, 1610612739, 44, 92, 19, 45, 6, 9, 6, 29, 27, 6, 4, 12, 18, 113
337, 0022300306, 1610612747, 49, 91, 15, 29, 12, 18, 10, 30, 34, 4, 4, 15, 20, 125
338, 0022300307, 1610612743, 39, 83, 14, 30, 22, 32, 15, 31, 28, 4, 4, 10, 20, 114
339, 0022300308, 1610612756, 38, 84, 14, 39, 29, 34, 7, 34, 27, 8, 7, 14, 22, 119
340, 0022300309, 1610612758, 36, 86, 10, 37, 17, 24, 7, 31, 27, 8, 2, 14, 19, 99
341, 0022300310, 1610612755, 45, 87, 11, 30, 28, 34, 10, 43, 28, 6, 4, 10, 20, 129
342, 0022300311, 1610612764, 42, 82, 19, 44, 19, 24, 3, 30, 28, 7, 6, 15, 16, 122
343, 0022300312, 1610612748, 41, 86, 15, 30, 18, 19, 17, 30, 29, 10, 3, 22, 12, 115
344, 0022300313, 1610612761, 50, 87, 18, 34, 17, 24, 9, 38, 39, 3, 9, 14, 18, 135
345, 0022300314, 1610612763, 35, 82, 10, 38, 24, 34, 5, 34, 25, 7, 4, 11, 30, 104
346, 0022300315, 1610612749, 48, 89, 7, 27, 37, 48, 12, 31, 27, 8, 8, 15, 24, 140
347, 0022300316, 1610612759, 45, 96, 16, 37, 13, 18, 10, 36, 28, 8, 6, 17, 16, 119
348, 0022300317, 1610612756, 40, 84, 9, 28, 23, 27, 14, 35, 28, 5, 4, 12, 20, 112
349, 0022300318, 1610612762, 43, 98, 16, 42, 15, 21, 15, 38, 31, 5, 4, 15, 27, 117
350, 0022300319, 1610612739, 40, 83, 11, 33, 16, 17, 9, 30, 21, 7, 1, 16, 18, 107
351, 0022300320, 1610612748, 37, 80, 15, 34, 27, 35, 8, 34, 26, 2, 1, 10, 20, 116
352, 0022300321, 1610612750, 44, 88, 14, 31, 17, 25, 12, 33, 30, 9, 4, 15, 19, 119
353, 0022300322, 1610612743, 47, 99, 12, 36, 18, 21, 12, 36, 31, 13, 6, 8, 15, 124
354, 0022300323, 1610612762, 49, 92, 11, 33, 13, 14, 13, 32, 27, 9, 9, 11, 14, 122
355, 0022300324, 1610612758, 47, 95, 18, 45, 16, 21, 11, 36, 32, 6, 4, 17, 22, 128
356, 0022300325, 1610612746, 41, 81, 13, 32, 26, 30, 10, 30, 27, 6, 9, 13, 20, 121
357, 0022300326, 1610612740, 38, 80, 9, 27, 27, 32, 11, 38, 24, 4, 5, 15, 17, 112
358, 0022300327, 1610612755, 41, 98, 14, 37, 28, 31, 16, 38, 24, 17, 8, 11, 23, 124
359, 0022300328, 1610612764, 52, 92, 13, 27, 20, 26, 8, 39, 36, 7, 8, 17, 18, 137
360, 0022300329, 1610612753, 42, 87, 14, 35, 13, 18, 13, 32, 25, 5, 2, 21, 22, 111
361, 0022300330, 1610612761, 40, 77, 10, 31, 14, 25, 3, 29, 30, 8, 6, 14, 19, 104
362, 0022300331, 1610612759, 47, 95, 18, 42, 17, 19, 9, 36, 35, 5, 5, 8, 19, 129
363, 0022300332, 1610612763, 37, 92, 11, 40, 11, 15, 13, 35, 19, 4, 8, 17, 24, 96
364, 0022300333, 1610612756, 47, 90, 11, 28, 17, 21, 10, 23, 30, 4, 3, 11, 17, 122
365, 0022300334, 1610612749, 50, 88, 19, 42, 27, 32, 8, 41, 24, 5, 8, 14, 24, 146
366, 0022300335, 1610612755, 53, 88, 14, 31, 15, 17, 5, 40, 30, 10, 6, 10, 17, 135
367, 0022300336, 1610612739, 49, 101, 16, 42, 13, 15, 18, 31, 32, 8, 3, 10, 22, 127
368, 0022300337, 1610612748, 43, 83, 13, 35, 19, 25, 8, 23, 26, 7, 2, 10, 19, 118
369, 0022300338, 1610612750, 48, 86, 18, 30, 13, 16, 8, 28, 33, 10, 4, 15, 16, 127
370, 0022300339, 1610612744, 44, 91, 17, 32, 19, 20, 13, 29, 29, 7, 5, 14, 15, 124
371, 0022300340, 1610612760, 43, 84, 7, 21, 25, 30, 9, 31, 22, 4, 9, 10, 19, 118
372, 0022300341, 1610612757, 47, 94, 7, 32, 19, 22, 10, 34, 17, 8, 2, 11, 21, 120
373, 0022300342, 1610612762, 38, 86, 12, 37, 16, 21, 9, 28, 28, 8, 3, 12, 12, 104
374, 0022300343, 1610612752, 44, 94, 11, 35, 23, 26, 12, 27, 20, 7, 4, 10, 22, 122
375, 0022300344, 1610612753, 34, 89, 11, 36, 18, 24, 10, 33, 18, 7, 4, 8, 16, 97
376, 0022300345, 1610612759, 40, 94, 15, 42, 15, 21, 9, 30, 29, 6, 6, 13, 15, 110
377, 0022300346, 1610612749, 45, 90, 13, 36, 25, 32, 16, 30, 25, 4, 1, 15, 23, 128
378, 0022300347, 1610612764, 39, 95, 14, 46, 16, 20, 10, 34, 24, 8, 6, 10, 25, 108
379, 0022300348, 1610612757, 40, 85, 13, 35, 21, 23, 9, 28, 23, 10, 4, 13, 20, 114
380, 0022300349, 1610612745, 47, 102, 12, 33, 24, 27, 15, 32, 34, 9, 5, 13, 32, 130
381, 0022300350, 1610612746, 56, 98, 19, 38, 20, 23, 14, 32, 26, 4, 9, 11, 19, 151
382, 0022300351, 1610612755, 38, 88, 11, 32, 17, 19, 9, 35, 23, 8, 8, 12, 17, 104
383, 0022300352, 1610612765, 48, 94, 9, 22, 19, 27, 12, 24, 23, 7, 3, 13, 26, 124
384, 0022300353, 1610612750, 42, 85, 11, 29, 17, 19, 12, 33, 27, 10, 9, 13, 19, 112
385, 0022300354, 1610612761, 44, 86, 8, 29, 18, 22, 15, 36, 30, 4, 4, 17, 16, 114
386, 0022300355, 1610612760, 42, 92, 11, 36, 21, 23, 10, 43, 31, 11, 10, 12, 18, 116
387, 0022300356, 1610612743, 49, 87, 14, 26, 18, 22, 9, 37, 29, 7, 4, 8, 19, 130
388, 0022300357, 1610612762, 45, 91, 14, 34, 21, 24, 12, 39, 30, 6, 8, 14, 20, 125
389, 0022300358, 1610612764, 44, 85, 18, 38, 25, 30, 5, 34, 26, 3, 6, 11, 21, 131
390, 0022300359, 1610612752, 42, 88, 10, 30, 20, 23, 11, 41, 21, 5, 6, 15, 16, 114
391, 0022300360, 1610612740, 40, 85, 11, 25, 22, 24, 11, 28, 23, 4, 3, 11, 23, 113
392, 0022300361, 1610612759, 46, 96, 9, 30, 18, 21, 8, 44, 27, 4, 4, 16, 17, 119
393, 0022300362, 1610612744, 50, 109, 20, 50, 12, 14, 18, 41, 29, 4, 5, 10, 15, 132
394, 0022300363, 1610612757, 39, 87, 14, 28, 17, 19, 10, 32, 23, 8, 4, 15, 18, 109
395, 0022300364, 1610612762, 40, 78, 13, 30, 23, 28, 6, 32, 24, 5, 6, 16, 22, 116
396, 0022300365, 1610612754, 49, 80, 18, 39, 28, 30, 8, 30, 37, 6, 8, 13, 20, 144
397, 0022300366, 1610612753, 41, 89, 9, 36, 15, 19, 15, 34, 29, 8, 5, 11, 24, 106
398, 0022300367, 1610612755, 45, 84, 8, 22, 29, 32, 7, 29, 20, 9, 3, 12, 25, 127
399, 0022300368, 1610612752, 44, 95, 13, 33, 20, 25, 12, 42, 24, 8, 7, 11, 15, 121
400, 0022300369, 1610612761, 43, 90, 9, 27, 9, 13, 10, 31, 26, 3, 5, 11, 12, 104
401, 0022300370, 1610612747, 42, 94, 12, 37, 12, 15, 8, 32, 27, 7, 7, 13, 11, 108
402, 0022300371, 1610612745, 44, 89, 16, 34, 23, 23, 8, 29, 25, 4, 6, 8, 23, 127
403, 0022300372, 1610612746, 43, 77, 11, 31, 23, 25, 7, 37, 27, 6, 4, 12, 22, 120
404, 0022300373, 1610612758, 43, 91, 21, 44, 12, 23, 12, 25, 29, 4, 8, 7, 15, 119
405, 0022300374, 1610612762, 43, 94, 11, 30, 22, 24, 15, 29, 26, 15, 7, 12, 18, 119
406, 0022300375, 1610612740, 47, 86, 15, 35, 14, 16, 7, 33, 32, 7, 4, 9, 15, 123
407, 0022300376, 1610612759, 37, 81, 10, 30, 11, 16, 9, 32, 24, 6, 7, 19, 11, 95
408, 0022300377, 1610612763, 43, 84, 16, 35, 14, 21, 8, 33, 27, 8, 7, 18, 14, 116
409, 0022300378, 1610612753, 45, 99, 8, 33, 16, 23, 13, 32, 26, 6, 9, 7, 23, 114
410, 0022300379, 1610612760, 51, 87, 16, 34, 16, 18, 6, 32, 35, 9, 5, 11, 11, 134
411, 0022300380, 1610612750, 42, 87, 14, 36, 20, 25, 9, 31, 32, 13, 7, 14, 19, 118
412, 0022300381, 1610612764, 42, 84, 12, 30, 22, 32, 7, 30, 26, 9, 6, 11, 17, 118
413, 0022300382, 1610612761, 39, 87, 9, 33, 24, 28, 11, 35, 30, 9, 6, 12, 16, 111
414, 0022300383, 1610612743, 45, 87, 11, 26, 21, 25, 8, 33, 29, 6, 5, 6, 19, 122
415, 0022300384, 1610612748, 40, 86, 17, 39, 25, 30, 12, 36, 21, 7, 2, 17, 18, 122
416, 0022300385, 1610612745, 46, 95, 11, 38, 19, 23, 12, 51, 21, 7, 3, 16, 22, 122
417, 0022300386, 1610612764, 44, 97, 11, 35, 19, 24, 9, 30, 25, 7, 4, 9, 16, 118
418, 0022300387, 1610612758, 44, 83, 12, 38, 20, 26, 7, 30, 32, 7, 7, 12, 24, 120
419, 0022300388, 1610612752, 41, 93, 9, 29, 20, 21, 11, 30, 17, 5, 2, 11, 22, 111
420, 0022300389, 1610612746, 41, 89, 11, 34, 15, 15, 9, 25, 25, 4, 4, 10, 24, 108
421, 0022300390, 1610612743, 39, 90, 12, 30, 12, 14, 12, 36, 25, 11, 13, 14, 21, 102
422, 0022300391, 1610612753, 39, 73, 6, 18, 33, 41, 10, 29, 22, 9, 5, 13, 18, 117
423, 0022300392, 1610612740, 38, 82, 8, 31, 20, 29, 13, 33, 21, 9, 7, 16, 22, 104
424, 0022300393, 1610612763, 50, 97, 11, 33, 14, 22, 15, 36, 29, 6, 7, 11, 16, 125
425, 0022300394, 1610612765, 39, 79, 15, 35, 22, 29, 6, 30, 26, 5, 3, 13, 25, 115
426, 0022300395, 1610612762, 48, 91, 17, 38, 13, 14, 8, 33, 35, 7, 5, 11, 17, 126
427, 0022300396, 1610612739, 39, 88, 12, 45, 19, 26, 15, 33, 28, 7, 4, 12, 16, 109
428, 0022300397, 1610612760, 46, 95, 13, 41, 15, 19, 11, 31, 24, 6, 7, 9, 17, 120
429, 0022300398, 1610612759, 44, 98, 14, 45, 17, 24, 8, 34, 32, 9, 3, 10, 16, 119
430, 0022300399, 1610612757, 38, 84, 13, 35, 17, 25, 8, 22, 26, 13, 3, 11, 20, 106
431, 0022300400, 1610612758, 37, 85, 8, 33, 16, 21, 8, 32, 23, 10, 2, 11, 20, 98
432, 0022300401, 1610612752, 50, 92, 8, 26, 21, 26, 7, 34, 27, 7, 4, 11, 18, 129
433, 0022300402, 1610612744, 40, 87, 14, 40, 20, 23, 9, 30, 23, 7, 3, 13, 23, 114
434, 0022300403, 1610612747, 43, 90, 13, 32, 16, 21, 13, 30, 24, 4, 1, 12, 19, 115
435, 0022300404, 1610612755, 40, 94, 17, 45, 16, 25, 5, 31, 23, 11, 4, 7, 22, 113
436, 0022300405, 1610612756, 40, 90, 14, 41, 20, 25, 14, 33, 28, 5, 2, 15, 21, 114
437, 0022300406, 1610612765, 40, 90, 9, 25, 23, 32, 16, 36, 20, 6, 4, 13, 27, 112
438, 0022300407, 1610612764, 43, 87, 16, 42, 17, 21, 10, 37, 27, 10, 8, 20, 21, 119
439, 0022300408, 1610612741, 42, 92, 7, 25, 27, 31, 18, 30, 23, 10, 2, 8, 17, 118
440, 0022300409, 1610612754, 43, 82, 19, 43, 18, 21, 10, 35, 28, 5, 7, 20, 22, 123
441, 0022300410, 1610612740, 42, 97, 10, 31, 21, 33, 10, 36, 18, 12, 6, 14, 26, 115
442, 0022300411, 1610612760, 49, 81, 18, 39, 13, 16, 3, 26, 35, 9, 7, 11, 24, 129
443, 0022300412, 1610612762, 47, 95, 16, 43, 20, 22, 13, 40, 34, 4, 7, 14, 21, 130
444, 0022300413, 1610612758, 45, 93, 10, 42, 13, 16, 11, 29, 25, 5, 7, 10, 16, 113
445, 0022300414, 1610612746, 40, 85, 14, 34, 19, 25, 11, 34, 24, 7, 3, 13, 14, 113
446, 0022300415, 1610612755, 45, 96, 10, 28, 12, 17, 12, 36, 14, 10, 8, 10, 19, 112
447, 0022300416, 1610612764, 42, 90, 8, 33, 10, 15, 10, 24, 25, 11, 3, 16, 17, 102
448, 0022300417, 1610612749, 52, 89, 23, 51, 17, 23, 8, 33, 41, 6, 8, 10, 18, 144
449, 0022300418, 1610612756, 47, 82, 14, 33, 21, 26, 8, 36, 28, 4, 11, 19, 17, 129
450, 0022300419, 1610612760, 49, 90, 14, 32, 17, 22, 3, 24, 20, 6, 10, 4, 21, 129
451, 0022300420, 1610612742, 39, 88, 10, 37, 22, 26, 7, 30, 21, 12, 7, 10, 21, 110
452, 0022300421, 1610612765, 48, 101, 14, 43, 12, 19, 19, 38, 27, 7, 4, 18, 21, 122
453, 0022300422, 1610612754, 43, 85, 19, 42, 15, 22, 6, 41, 30, 6, 9, 13, 21, 120
454, 0022300423, 1610612750, 38, 74, 17, 33, 25, 34, 6, 32, 23, 9, 10, 22, 21, 118
455, 0022300424, 1610612762, 36, 85, 12, 39, 21, 25, 17, 25, 27, 5, 3, 18, 15, 105
456, 0022300425, 1610612763, 37, 89, 13, 35, 18, 25, 11, 25, 23, 8, 5, 11, 13, 105
457, 0022300426, 1610612748, 44, 91, 10, 31, 16, 22, 10, 34, 26, 6, 1, 7, 19, 114
458, 0022300427, 1610612759, 41, 85, 10, 36, 26, 28, 7, 35, 33, 9, 10, 11, 20, 118
459, 0022300428, 1610612747, 52, 97, 15, 30, 14, 14, 5, 37, 41, 11, 7, 11, 21, 133
460, 0022300429, 1610612753, 40, 89, 7, 33, 30, 40, 14, 35, 24, 10, 6, 15, 20, 117
461, 0022300430, 1610612764, 46, 91, 15, 38, 3, 7, 8, 35, 28, 5, 5, 6, 19, 110
462, 0022300431, 1610612758, 46, 89, 17, 45, 8, 15, 5, 33, 35, 9, 3, 12, 20, 117
463, 0022300432, 1610612761, 44, 95, 17, 44, 13, 20, 9, 29, 29, 10, 6, 4, 15, 118
464, 0022300433, 1610612749, 41, 80, 12, 29, 25, 28, 7, 36, 26, 5, 6, 17, 15, 119
465, 0022300434, 1610612755, 45, 86, 12, 33, 29, 33, 11, 19, 22, 10, 5, 10, 21, 131
466, 0022300435, 1610612760, 46, 91, 12, 35, 15, 16, 10, 41, 29, 10, 8, 11, 20, 119
467, 0022300436, 1610612756, 46, 74, 18, 30, 23, 24, 6, 33, 34, 3, 11, 14, 14, 133
468, 0022300437, 1610612759, 48, 94, 14, 33, 18, 25, 13, 29, 31, 9, 3, 14, 19, 128
469, 0022300438, 1610612763, 38, 87, 13, 40, 17, 20, 3, 30, 29, 10, 4, 12, 22, 106
470, 0022300439, 1610612762, 43, 93, 11, 41, 20, 28, 9, 34, 29, 8, 6, 10, 25, 117
471, 0022300440, 1610612761, 46, 91, 12, 24, 23, 28, 6, 27, 26, 9, 5, 7, 27, 127
472, 0022300441, 1610612752, 45, 95, 17, 37, 19, 27, 15, 27, 24, 12, 2, 13, 19, 126
473, 0022300442, 1610612755, 36, 92, 9, 38, 11, 15, 12, 24, 24, 12, 5, 7, 22, 92
474, 0022300443, 1610612750, 38, 76, 12, 34, 20, 24, 7, 38, 24, 8, 8, 19, 26, 108
475, 0022300444, 1610612744, 47, 103, 19, 48, 9, 13, 16, 31, 32, 8, 3, 10, 21, 122
476, 0022300445, 1610612764, 46, 98, 17, 53, 17, 21, 6, 36, 35, 5, 9, 9, 21, 126
477, 0022300446, 1610612740, 45, 87, 17, 34, 22, 27, 12, 35, 33, 9, 6, 11, 22, 129
478, 0022300447, 1610612760, 45, 83, 18, 33, 16, 20, 5, 41, 31, 1, 6, 13, 24, 124
479, 0022300448, 1610612759, 40, 94, 12, 45, 9, 12, 9, 30, 28, 6, 1, 12, 17, 101
480, 0022300449, 1610612758, 47, 92, 16, 33, 13, 17, 9, 50, 28, 2, 4, 12, 22, 123
481, 0022300450, 1610612756, 44, 88, 8, 27, 16, 19, 6, 29, 21, 11, 4, 6, 17, 112
482, 0022300451, 1610612752, 39, 89, 12, 34, 22, 28, 16, 33, 23, 7, 4, 13, 24, 112
483, 0022300452, 1610612761, 42, 87, 11, 30, 29, 40, 10, 37, 25, 5, 4, 11, 22, 124
484, 0022300453, 1610612745, 51, 91, 15, 35, 19, 24, 6, 33, 34, 11, 1, 9, 19, 136
485, 0022300454, 1610612749, 41, 93, 10, 40, 21, 26, 8, 38, 27, 4, 8, 11, 26, 113
486, 0022300455, 1610612743, 41, 83, 15, 38, 14, 18, 4, 40, 27, 9, 9, 10, 15, 111
487, 0022300456, 1610612757, 33, 80, 8, 30, 14, 19, 6, 30, 21, 6, 10, 18, 19, 88
488, 0022300457, 1610612762, 49, 96, 12, 44, 17, 18, 7, 46, 37, 9, 6, 12, 15, 127
489, 0022300458, 1610612748, 35, 83, 11, 34, 23, 29, 12, 23, 24, 7, 3, 13, 17, 104
490, 0022300459, 1610612755, 38, 80, 12, 30, 22, 30, 6, 37, 28, 9, 6, 17, 22, 110
491, 0022300460, 1610612759, 36, 85, 10, 31, 16, 23, 6, 34, 21, 6, 8, 14, 24, 98
492, 0022300461, 1610612740, 41, 88, 16, 39, 14, 18, 17, 36, 23, 10, 9, 16, 12, 112
493, 0022300462, 1610612760, 48, 91, 18, 40, 13, 17, 10, 28, 34, 7, 10, 10, 22, 127
494, 0022300463, 1610612753, 41, 92, 14, 36, 19, 23, 16, 25, 19, 8, 4, 17, 24, 115
495, 0022300464, 1610612758, 40, 92, 14, 36, 10, 17, 15, 33, 23, 8, 2, 20, 23, 104
496, 0022300465, 1610612764, 42, 101, 12, 35, 5, 11, 12, 24, 23, 8, 5, 8, 14, 101
497, 0022300466, 1610612749, 46, 92, 14, 37, 24, 32, 10, 32, 30, 6, 4, 13, 25, 130
498, 0022300467, 1610612760, 50, 91, 18, 36, 20, 26, 9, 28, 30, 10, 1, 13, 23, 138
499, 0022300469, 1610612745, 37, 76, 19, 39, 19, 27, 5, 43, 27, 5, 4, 16, 19, 112
500, 0022300470, 1610612761, 41, 85, 12, 26, 22, 27, 7, 39, 25, 5, 6, 12, 20, 116
501, 0022300471, 1610612740, 45, 81, 12, 26, 15, 17, 9, 32, 30, 7, 5, 12, 24, 117
502, 0022300468, 1610612752, 46, 89, 15, 38, 9, 11, 13, 39, 29, 6, 7, 15, 17, 116
503, 0022300472, 1610612757, 34, 87, 13, 40, 16, 22, 10, 36, 23, 4, 3, 22, 34, 97
504, 0022300473, 1610612756, 42, 79, 15, 35, 23, 26, 10, 22, 23, 9, 2, 16, 23, 122
505, 0022300474, 1610612762, 53, 103, 16, 32, 32, 35, 15, 28, 28, 11, 8, 12, 22, 154
506, 0022300475, 1610612748, 41, 93, 16, 42, 12, 17, 7, 32, 30, 14, 3, 8, 23, 110
507, 0022300476, 1610612758, 51, 105, 15, 40, 21, 31, 18, 40, 36, 9, 3, 17, 21, 138
508, 0022300477, 1610612759, 46, 95, 14, 40, 15, 17, 10, 32, 31, 10, 8, 11, 16, 121
509, 0022300478, 1610612744, 49, 90, 15, 36, 14, 16, 9, 24, 35, 4, 3, 8, 20, 127
510, 0022300479, 1610612762, 34, 94, 6, 34, 23, 34, 16, 41, 23, 11, 2, 18, 24, 97
511, 0022300480, 1610612754, 60, 94, 19, 39, 11, 13, 8, 31, 50, 12, 3, 14, 24, 150
512, 0022300481, 1610612760, 45, 84, 9, 31, 16, 24, 7, 29, 29, 8, 5, 13, 26, 115
513, 0022300482, 1610612764, 35, 84, 9, 30, 11, 15, 7, 24, 19, 12, 8, 16, 19, 90
514, 0022300483, 1610612755, 33, 81, 6, 23, 20, 27, 8, 30, 22, 8, 9, 14, 18, 92
515, 0022300484, 1610612741, 40, 74, 10, 28, 14, 17, 4, 37, 29, 7, 6, 14, 17, 104
516, 0022300485, 1610612750, 46, 88, 14, 33, 16, 20, 9, 43, 31, 12, 7, 14, 18, 122
517, 0022300486, 1610612740, 33, 92, 12, 29, 17, 23, 14, 29, 22, 9, 5, 9, 17, 95
518, 0022300487, 1610612757, 39, 95, 13, 40, 12, 17, 10, 32, 27, 9, 3, 18, 15, 103
519, 0022300488, 1610612753, 41, 82, 17, 36, 23, 34, 11, 29, 25, 9, 3, 14, 20, 122
520, 0022300489, 1610612756, 44, 87, 14, 35, 11, 17, 9, 35, 30, 13, 5, 9, 18, 113
521, 0022300490, 1610612744, 38, 82, 16, 38, 21, 25, 7, 38, 24, 3, 5, 16, 18, 113
522, 0022300491, 1610612763, 44, 82, 23, 45, 16, 20, 6, 38, 33, 8, 4, 17, 20, 127
523, 0022300492, 1610612761, 47, 87, 13, 37, 23, 27, 8, 29, 31, 5, 10, 14, 20, 130
524, 0022300493, 1610612754, 38, 92, 8, 42, 17, 22, 10, 28, 23, 12, 2, 9, 18, 101
525, 0022300494, 1610612764, 40, 85, 13, 37, 12, 20, 12, 33, 33, 5, 3, 20, 20, 105
526, 0022300495, 1610612762, 46, 80, 8, 30, 20, 24, 9, 39, 30, 4, 4, 23, 18, 120
527, 0022300496, 1610612749, 35, 76, 9, 34, 29, 42, 4, 37, 20, 7, 4, 11, 24, 108
528, 0022300497, 1610612759, 41, 86, 14, 37, 19, 22, 8, 32, 22, 10, 6, 11, 18, 115
529, 0022300498, 1610612757, 45, 95, 20, 38, 24, 30, 9, 29, 21, 5, 5, 9, 20, 134
530, 0022300499, 1610612753, 43, 98, 17, 41, 14, 22, 13, 44, 25, 8, 3, 11, 24, 117
531, 0022300500, 1610612758, 38, 91, 15, 45, 9, 12, 8, 17, 28, 9, 2, 9, 12, 100
532, 0022300501, 1610612750, 41, 94, 13, 41, 13, 21, 18, 33, 22, 6, 4, 13, 22, 108
533, 0022300502, 1610612765, 42, 89, 9, 24, 21, 30, 13, 24, 28, 6, 0, 11, 20, 114
534, 0022300503, 1610612756, 46, 102, 8, 28, 15, 22, 16, 34, 29, 5, 6, 12, 27, 115
535, 0022300504, 1610612761, 55, 94, 15, 33, 8, 14, 9, 36, 38, 7, 6, 7, 14, 133
536, 0022300505, 1610612747, 42, 82, 11, 29, 11, 16, 8, 32, 23, 9, 6, 19, 11, 106
537, 0022300506, 1610612741, 45, 92, 9, 26, 20, 24, 12, 39, 27, 7, 7, 13, 18, 119
538, 0022300507, 1610612754, 48, 91, 19, 40, 18, 22, 9, 30, 29, 6, 7, 13, 23, 133
539, 0022300508, 1610612764, 44, 89, 15, 32, 25, 29, 12, 26, 32, 7, 5, 14, 23, 128
540, 0022300509, 1610612748, 41, 82, 15, 36, 23, 32, 10, 35, 30, 6, 5, 11, 21, 120
541, 0022300510, 1610612762, 47, 90, 20, 44, 18, 22, 10, 37, 33, 6, 8, 10, 15, 132
542, 0022300511, 1610612756, 38, 77, 10, 30, 25, 29, 5, 20, 17, 6, 4, 14, 20, 111
543, 0022300512, 1610612758, 54, 94, 13, 33, 10, 14, 10, 34, 39, 8, 6, 17, 21, 131
544, 0022300513, 1610612753, 34, 94, 13, 42, 11, 18, 16, 30, 20, 13, 5, 12, 22, 92
545, 0022300514, 1610612757, 33, 86, 6, 29, 12, 18, 12, 31, 19, 8, 7, 15, 17, 84
546, 0022300515, 1610612763, 44, 91, 14, 37, 18, 21, 18, 36, 27, 7, 3, 16, 18, 120
547, 0022300516, 1610612761, 53, 94, 17, 35, 8, 13, 5, 32, 34, 8, 4, 12, 26, 131
548, 0022300517, 1610612750, 44, 95, 14, 34, 18, 20, 8, 39, 22, 4, 6, 9, 27, 120
549, 0022300518, 1610612758, 46, 89, 13, 35, 18, 23, 14, 39, 24, 2, 8, 9, 15, 123
550, 0022300519, 1610612759, 49, 94, 9, 27, 23, 27, 10, 36, 36, 7, 4, 5, 15, 130
551, 0022300520, 1610612764, 38, 88, 7, 31, 21, 30, 13, 33, 24, 8, 8, 13, 23, 104
552, 0022300521, 1610612755, 46, 102, 12, 34, 28, 33, 13, 38, 26, 8, 9, 11, 28, 132
553, 0022300522, 1610612760, 51, 86, 14, 33, 12, 16, 4, 38, 36, 4, 4, 12, 19, 128
554, 0022300523, 1610612745, 48, 101, 11, 45, 12, 20, 9, 41, 29, 9, 4, 14, 18, 119
555, 0022300525, 1610612740, 54, 94, 19, 40, 14, 19, 13, 34, 37, 11, 7, 11, 19, 141
556, 0022300524, 1610612762, 46, 83, 13, 33, 19, 23, 7, 33, 34, 12, 8, 16, 19, 124
557, 0022300526, 1610612761, 46, 84, 12, 30, 16, 18, 7, 30, 31, 4, 2, 14, 17, 120
558, 0022300527, 1610612739, 32, 82, 13, 44, 34, 43, 12, 35, 16, 11, 6, 11, 24, 111
559, 0022300528, 1610612749, 52, 92, 18, 42, 13, 16, 12, 42, 34, 3, 6, 9, 22, 135
560, 0022300529, 1610612757, 28, 101, 11, 49, 10, 16, 13, 29, 16, 8, 8, 9, 19, 77
561, 0022300530, 1610612752, 44, 89, 14, 42, 22, 28, 13, 32, 27, 7, 2, 14, 25, 124
562, 0022300531, 1610612756, 46, 93, 14, 39, 21, 23, 13, 33, 23, 12, 3, 12, 16, 127
563, 0022300532, 1610612758, 32, 95, 8, 38, 21, 26, 23, 31, 20, 6, 4, 16, 18, 93
564, 0022300533, 1610612754, 53, 79, 11, 18, 9, 12, 10, 35, 41, 12, 9, 25, 21, 126
565, 0022300534, 1610612745, 41, 90, 8, 30, 22, 25, 10, 31, 21, 8, 5, 9, 16, 112
566, 0022300535, 1610612753, 36, 82, 12, 40, 12, 20, 10, 28, 26, 10, 8, 11, 20, 96
567, 0022300536, 1610612744, 49, 94, 20, 47, 22, 30, 13, 31, 39, 7, 4, 3, 16, 140
568, 0022300537, 1610612763, 41, 95, 18, 44, 19, 27, 17, 29, 30, 5, 4, 9, 21, 119
569, 0022300538, 1610612757, 30, 77, 10, 28, 23, 34, 10, 28, 18, 8, 5, 19, 19, 93
570, 0022300541, 1610612759, 45, 87, 18, 38, 27, 34, 7, 38, 31, 9, 7, 14, 20, 135
