1, 0022300061, 1610612743, 48, 91, 14, 34, 9, 12, 9, 33, 29, 9, 6, 11, 15, 119
2, 0022300062, 1610612744, 36, 101, 10, 43, 22, 28, 18, 31, 19, 11, 6, 11, 23, 104
3, 0022300063, 1610612737, 39, 93, 5, 29, 27, 33, 12, 30, 24, 12, 1, 12, 19, 110
4, 0022300064, 1610612754, 56, 107, 20, 43, 11, 12, 10, 41, 38, 10, 8, 12, 23, 143
5, 0022300065, 1610612738, 37, 77, 12, 39, 22, 26, 7, 39, 18, 6, 11, 13, 22, 108
6, 0022300066, 1610612745, 32, 79, 12, 34, 10, 16, 7, 24, 19, 6, 3, 18, 24, 86
7, 0022300067, 1610612751, 42, 84, 9, 27, 20, 26, 13, 37, 30, 6, 6, 17, 16, 113
8, 0022300068, 1610612765, 41, 92, 11, 32, 9, 15, 17, 39, 28, 3, 13, 16, 23, 102
9, 0022300069, 1610612750, 34, 100, 8, 31, 18, 22, 16, 46, 20, 8, 9, 14, 14, 94
10, 0022300070, 1610612741, 39, 94, 12, 42, 14, 18, 13, 29, 26, 10, 3, 12, 16, 104
11, 0022300071, 1610612763, 38, 91, 12, 43, 16, 20, 8, 29, 23, 8, 7, 13, 19, 104
12, 0022300072, 1610612758, 47, 102, 19, 51, 17, 20, 15, 30, 29, 6, 8, 11, 25, 130
13, 0022300073, 1610612742, 47, 99, 15, 47, 17, 23, 13, 35, 24, 6, 3, 12, 20, 126
14, 0022300074, 1610612746, 47, 90, 16, 34, 13, 16, 14, 31, 36, 11, 7, 17, 20, 123
15, 0022300075, 1610612749, 41, 81, 11, 30, 25, 36, 8, 35, 20, 9, 4, 14, 23, 118
16, 0022300076, 1610612747, 36, 84, 5, 29, 23, 29, 8, 34, 24, 14, 7, 16, 23, 100
17, 0022300077, 1610612766, 33, 88, 7, 28, 26, 34, 11, 30, 20, 13, 7, 18, 23, 99
18, 0022300078, 1610612743, 41, 88, 14, 37, 12, 18, 6, 33, 27, 11, 9, 17, 18, 108
19, 0022300079, 1610612737, 42, 87, 12, 32, 24, 30, 9, 35, 28, 7, 6, 14, 20, 120
20, 0022300080, 1610612738, 45, 95, 16, 39, 13, 19, 16, 39, 20, 7, 6, 15, 19, 119
21, 0022300081, 1610612739, 38, 92, 12, 45, 17, 23, 8, 40, 20, 10, 8, 13, 16, 105
22, 0022300082, 1610612741, 37, 99, 8, 39, 22, 28, 15, 37, 18, 10, 5, 16, 22, 104
23, 0022300083, 1610612745, 52, 100, 8, 32, 10, 20, 11, 32, 30, 7, 2, 18, 26, 122
24, 0022300084, 1610612751, 45, 92, 21, 43, 9, 10, 10, 37, 30, 5, 4, 15, 28, 120
25, 0022300085, 1610612746, 41, 77, 14, 35, 22, 28, 6, 30, 17, 8, 6, 14, 22, 118
26, 0022300086, 1610612753, 36, 79, 9, 28, 21, 32, 10, 35, 22, 10, 5, 14, 16, 102
27, 0022300087, 1610612744, 48, 87, 14, 32, 12, 14, 7, 32, 32, 14, 3, 19, 24, 122
28, 0022300088, 1610612741, 39, 93, 11, 28, 13, 16, 13, 20, 16, 10, 5, 8, 20, 102
29, 0022300089, 1610612763, 39, 91, 19, 47, 9, 9, 6, 39, 27, 7, 8, 16, 21, 106
30, 0022300090, 1610612740, 40, 87, 9, 33, 7, 16, 4, 39, 20, 8, 5, 13, 22, 96
31, 0022300091, 1610612739, 43, 100, 12, 31, 15, 24, 19, 33, 29, 2, 6, 6, 16, 113
32, 0022300092, 1610612755, 43, 86, 10, 28, 18, 21, 9, 33, 25, 8, 7, 9, 18, 114
33, 0022300093, 1610612748, 35, 87, 12, 38, 8, 14, 9, 33, 24, 6, 1, 14, 12, 90
34, 0022300094, 1610612756, 45, 85, 10, 37, 26, 28, 7, 32, 31, 10, 7, 11, 19, 126
35, 0022300095, 1610612743, 53, 88, 11, 27, 11, 13, 10, 38, 34, 8, 5, 13, 21, 128
36, 0022300096, 1610612744, 35, 81, 18, 45, 18, 23, 8, 41, 27, 6, 6, 14, 18, 106
37, 0022300097, 1610612737, 47, 93, 15, 37, 18, 22, 13, 33, 32, 15, 2, 17, 17, 127
38, 0022300098, 1610612755, 40, 82, 11, 28, 35, 40, 11, 40, 28, 10, 17, 15, 20, 126
39, 0022300099, 1610612746, 47, 91, 16, 42, 13, 21, 9, 39, 23, 15, 5, 16, 16, 123
40, 0022300100, 1610612747, 43, 98, 15, 45, 26, 34, 8, 45, 27, 4, 4, 12, 22, 127
41, 0022300101, 1610612751, 49, 87, 12, 33, 23, 32, 10, 36, 25, 4, 8, 13, 19, 133
42, 0022300102, 1610612741, 40, 87, 6, 17, 26, 31, 10, 34, 19, 8, 6, 13, 17, 112
43, 0022300103, 1610612738, 51, 102, 19, 53, 5, 7, 15, 36, 31, 11, 6, 17, 21, 126
44, 0022300104, 1610612737, 48, 86, 14, 30, 17, 18, 4, 32, 28, 6, 7, 9, 12, 127
45, 0022300105, 1610612757, 38, 85, 11, 35, 12, 15, 13, 38, 20, 6, 7, 14, 19, 99
46, 0022300106, 1610612742, 42, 84, 23, 47, 18, 24, 6, 42, 24, 4, 7, 15, 17, 125
47, 0022300107, 1610612748, 41, 86, 13, 34, 19, 20, 7, 33, 27, 7, 2, 14, 20, 114
48, 0022300108, 1610612744, 51, 98, 15, 41, 13, 20, 21, 43, 28, 6, 7, 14, 21, 130
49, 0022300109, 1610612765, 39, 91, 15, 28, 19, 24, 13, 28, 31, 6, 5, 16, 25, 112
50, 0022300110, 1610612743, 47, 84, 9, 28, 7, 17, 7, 36, 32, 4, 8, 12, 14, 110
51, 0022300111, 1610612747, 42, 79, 8, 27, 14, 18, 3, 37, 28, 7, 10, 16, 17, 106
52, 0022300112, 1610612739, 36, 92, 10, 38, 9, 12, 14, 32, 19, 6, 6, 15, 19, 91
53, 0022300113, 1610612756, 42, 83, 18, 39, 12, 15, 6, 37, 29, 8, 7, 19, 18, 114
54, 0022300114, 1610612746, 44, 89, 14, 31, 16, 23, 9, 35, 29, 10, 4, 16, 26, 118
55, 0022300115, 1610612765, 40, 90, 11, 29, 10, 11, 6, 32, 24, 12, 4, 18, 31, 101
56, 0022300116, 1610612749, 35, 76, 13, 34, 28, 38, 7, 22, 19, 9, 2, 12, 17, 111
57, 0022300117, 1610612737, 46, 92, 9, 32, 29, 32, 14, 43, 26, 8, 3, 20, 16, 130
58, 0022300118, 1610612738, 54, 95, 20, 35, 27, 28, 11, 46, 27, 5, 2, 11, 19, 155
59, 0022300119, 1610612751, 37, 82, 16, 36, 19, 26, 7, 40, 27, 11, 4, 18, 18, 109
60, 0022300120, 1610612739, 32, 74, 12, 32, 19, 20, 6, 40, 22, 7, 5, 18, 27, 95
61, 0022300121, 1610612740, 40, 102, 13, 42, 17, 29, 22, 36, 23, 8, 5, 10, 20, 110
62, 0022300122, 1610612766, 45, 90, 11, 27, 18, 25, 15, 29, 21, 9, 8, 16, 19, 119
63, 0022300123, 1610612743, 38, 96, 6, 33, 7, 10, 12, 31, 23, 6, 10, 15, 22, 89
64, 0022300124, 1610612741, 42, 89, 11, 33, 10, 11, 12, 31, 19, 10, 3, 13, 23, 105
65, 0022300125, 1610612763, 35, 96, 14, 54, 25, 32, 14, 28, 25, 12, 7, 15, 22, 109
66, 0022300126, 1610612744, 39, 81, 11, 31, 13, 15, 7, 29, 32, 5, 6, 17, 17, 102
67, 0022300127, 1610612746, 47, 99, 14, 34, 17, 27, 12, 34, 22, 12, 1, 13, 31, 125
68, 0022300128, 1610612755, 42, 92, 9, 25, 21, 25, 15, 31, 21, 12, 3, 14, 19, 114
69, 0022300129, 1610612765, 41, 94, 13, 38, 21, 26, 19, 29, 30, 4, 5, 16, 31, 116
70, 0022300130, 1610612753, 39, 85, 10, 29, 27, 36, 10, 33, 27, 17, 9, 17, 25, 115
71, 0022300131, 1610612756, 43, 80, 16, 32, 19, 26, 5, 29, 26, 5, 4, 14, 15, 121
72, 0022300001, 1610612739, 44, 84, 8, 28, 20, 25, 5, 30, 27, 10, 9, 13, 20, 116
73, 0022300002, 1610612749, 35, 82, 20, 39, 20, 28, 7, 34, 24, 6, 11, 14, 16, 110
74, 0022300003, 1610612748, 48, 80, 13, 27, 12, 14, 7, 30, 35, 9, 1, 19, 18, 121
75, 0022300004, 1610612751, 44, 96, 18, 45, 3, 5, 8, 31, 32, 4, 4, 8, 12, 109
76, 0022300005, 1610612744, 49, 92, 18, 40, 25, 30, 13, 25, 36, 9, 2, 15, 25, 141
77, 0022300006, 1610612742, 41, 86, 17, 42, 15, 17, 10, 24, 27, 12, 6, 15, 19, 114
78, 0022300007, 1610612763, 47, 96, 10, 35, 9, 13, 7, 41, 29, 8, 10, 17, 25, 113
79, 0022300132, 1610612755, 43, 90, 11, 30, 15, 18, 15, 36, 24, 5, 6, 17, 24, 112
80, 0022300133, 1610612766, 47, 88, 8, 20, 23, 23, 12, 29, 23, 5, 10, 13, 20, 125
81, 0022300134, 1610612747, 37, 84, 8, 30, 19, 21, 10, 30, 17, 6, 10, 17, 21, 101
82, 0022300135, 1610612737, 45, 93, 14, 41, 19, 24, 19, 33, 28, 4, 6, 11, 16, 123
83, 0022300136, 1610612751, 43, 100, 17, 52, 11, 17, 10, 32, 22, 4, 5, 5, 21, 114
84, 0022300137, 1610612745, 40, 87, 13, 36, 14, 20, 10, 43, 28, 4, 3, 11, 18, 107
85, 0022300138, 1610612750, 45, 81, 9, 24, 24, 31, 9, 34, 25, 10, 11, 10, 23, 123
86, 0022300139, 1610612741, 39, 86, 7, 26, 16, 23, 9, 28, 28, 7, 3, 11, 19, 101
87, 0022300140, 1610612765, 43, 87, 8, 23, 12, 14, 10, 23, 25, 7, 6, 16, 23, 106
88, 0022300141, 1610612759, 48, 96, 10, 32, 10, 13, 9, 37, 30, 7, 7, 17, 21, 116
89, 0022300142, 1610612739, 41, 83, 11, 37, 22, 28, 13, 41, 26, 8, 2, 18, 21, 115
90, 0022300143, 1610612766, 49, 99, 8, 30, 12, 21, 10, 33, 30, 5, 2, 8, 25, 118
91, 0022300144, 1610612763, 45, 89, 13, 32, 9, 13, 10, 39, 27, 6, 7, 16, 18, 112
92, 0022300145, 1610612765, 38, 80, 13, 30, 20, 21, 7, 32, 23, 8, 2, 14, 20, 109
93, 0022300146, 1610612754, 55, 95, 20, 38, 22, 23, 9, 40, 38, 7, 4, 14, 24, 152
94, 0022300147, 1610612742, 41, 82, 15, 40, 20, 28, 5, 26, 21, 9, 6, 14, 20, 117
95, 0022300148, 1610612755, 51, 91, 12, 31, 32, 36, 10, 35, 37, 12, 7, 15, 15, 146
96, 0022300149, 1610612751, 49, 101, 16, 45, 11, 13, 11, 35, 22, 2, 4, 8, 16, 125
97, 0022300150, 1610612747, 44, 81, 8, 26, 11, 14, 5, 33, 28, 6, 5, 17, 17, 107
98, 0022300151, 1610612746, 36, 73, 11, 32, 14, 16, 7, 24, 21, 8, 3, 22, 15, 97
99, 0022300152, 1610612741, 48, 93, 18, 34, 16, 19, 10, 26, 26, 12, 3, 8, 18, 130
100, 0022300153, 1610612745, 43, 75, 15, 31, 21, 27, 5, 34, 28, 8, 4, 10, 19, 122
101, 0022300154, 1610612738, 36, 92, 11, 39, 26, 34, 11, 34, 20, 13, 2, 16, 26, 109
102, 0022300155, 1610612737, 38, 102, 14, 42, 27, 32, 25, 34, 27, 8, 3, 15, 16, 117
103, 0022300156, 1610612743, 51, 95, 15, 39, 17, 23, 11, 34, 37, 6, 5, 9, 16, 134
104, 0022300157, 1610612766, 41, 79, 8, 25, 26, 35, 11, 36, 17, 8, 5, 20, 22, 116
105, 0022300158, 1610612754, 52, 101, 13, 41, 17, 20, 14, 32, 26, 14, 7, 11, 15, 134
106, 0022300159, 1610612738, 36, 91, 15, 47, 16, 19, 9, 34, 28, 8, 6, 12, 13, 103
107, 0022300160, 1610612751, 37, 92, 15, 41, 11, 13, 14, 35, 22, 10, 10, 14, 14, 100
108, 0022300161, 1610612752, 46, 100, 19, 42, 15, 22, 13, 34, 28, 7, 0, 3, 14, 126
109, 0022300162, 1610612741, 42, 96, 14, 33, 17, 23, 9, 30, 30, 12, 7, 14, 22, 115
110, 0022300163, 1610612745, 51, 93, 14, 33, 12, 19, 14, 43, 26, 4, 4, 11, 23, 128
111, 0022300164, 1610612763, 35, 90, 11, 37, 21, 28, 13, 25, 20, 10, 4, 13, 27, 102
112, 0022300165, 1610612765, 48, 98, 7, 29, 15, 16, 11, 42, 28, 2, 5, 17, 24, 118
113, 0022300166, 1610612750, 45, 82, 15, 37, 17, 24, 8, 40, 30, 9, 7, 16, 23, 122
114, 0022300167, 1610612739, 42, 83, 9, 29, 27, 37, 11, 30, 26, 9, 5, 18, 24, 120
115, 0022300168, 1610612742, 40, 84, 17, 41, 19, 31, 6, 32, 25, 4, 6, 15, 21, 116
116, 0022300169, 1610612743, 41, 92, 11, 35, 15, 22, 10, 35, 24, 7, 4, 6, 20, 108
117, 0022300170, 1610612757, 44, 87, 8, 22, 22, 29, 7, 29, 26, 10, 5, 18, 29, 118
118, 0022300171, 1610612754, 44, 92, 20, 48, 18, 20, 9, 31, 27, 6, 6, 11, 25, 126
119, 0022300172, 1610612737, 41, 85, 15, 39, 23, 30, 8, 28, 22, 13, 7, 17, 25, 120
120, 0022300008, 1610612765, 40, 86, 8, 28, 18, 22, 11, 37, 28, 3, 5, 16, 26, 106
121, 0022300009, 1610612766, 50, 110, 6, 28, 18, 28, 28, 39, 31, 10, 4, 9, 19, 124
122, 0022300010, 1610612751, 38, 85, 15, 37, 16, 18, 9, 37, 26, 0, 3, 10, 25, 107
123, 0022300011, 1610612745, 36, 88, 10, 35, 22, 28, 9, 33, 20, 9, 5, 9, 22, 104
124, 0022300012, 1610612763, 46, 101, 19, 48, 10, 13, 14, 23, 23, 5, 5, 11, 23, 121
125, 0022300013, 1610612750, 43, 87, 10, 27, 21, 27, 13, 38, 23, 6, 4, 18, 19, 117
126, 0022300014, 1610612742, 51, 98, 19, 42, 23, 26, 15, 26, 30, 7, 1, 8, 23, 144
127, 0022300015, 1610612747, 42, 84, 12, 27, 26, 34, 9, 34, 27, 9, 7, 11, 20, 122
128, 0022300016, 1610612760, 39, 87, 7, 30, 13, 16, 5, 33, 22, 9, 5, 16, 15, 98
129, 0022300173, 1610612749, 38, 77, 9, 29, 12, 25, 5, 31, 25, 9, 6, 19, 24, 97
130, 0022300174, 1610612738, 47, 86, 15, 44, 8, 13, 5, 41, 30, 1, 4, 12, 14, 117
131, 0022300175, 1610612737, 38, 87, 18, 46, 15, 18, 15, 33, 23, 6, 6, 21, 19, 109
132, 0022300176, 1610612739, 37, 86, 11, 30, 33, 43, 11, 34, 23, 13, 3, 10, 24, 118
133, 0022300177, 1610612766, 44, 94, 12, 35, 7, 11, 15, 21, 21, 5, 4, 12, 25, 107
134, 0022300178, 1610612751, 37, 98, 12, 49, 16, 20, 20, 46, 22, 6, 6, 18, 18, 102
135, 0022300179, 1610612746, 37, 85, 12, 34, 15, 23, 8, 33, 26, 9, 3, 14, 23, 101
136, 0022300180, 1610612754, 47, 90, 16, 39, 16, 19, 8, 24, 31, 8, 9, 10, 14, 126
137, 0022300181, 1610612741, 44, 91, 11, 30, 20, 25, 11, 29, 22, 12, 6, 6, 21, 119
138, 0022300182, 1610612743, 42, 91, 9, 32, 11, 14, 12, 37, 24, 3, 5, 11, 20, 104
139, 0022300183, 1610612742, 50, 102, 20, 53, 16, 21, 8, 34, 29, 7, 6, 6, 19, 136
140, 0022300184, 1610612748, 39, 89, 12, 31, 28, 30, 11, 30, 26, 7, 3, 4, 12, 118
141, 0022300185, 1610612760, 40, 82, 10, 27, 21, 25, 6, 27, 23, 9, 8, 7, 21, 111
142, 0022300186, 1610612744, 37, 96, 12, 43, 24, 28, 19, 32, 24, 9, 0, 14, 28, 110
143, 0022300187, 1610612747, 41, 84, 4, 19, 30, 37, 7, 34, 27, 8, 4, 9, 11, 116
144, 0022300188, 1610612738, 40, 79, 19, 43, 15, 16, 8, 29, 27, 3, 3, 11, 22, 114
145, 0022300189, 1610612761, 45, 90, 4, 20, 17, 25, 16, 32, 28, 11, 4, 16, 13, 111
146, 0022300190, 1610612741, 38, 100, 14, 42, 19, 21, 18, 29, 24, 9, 7, 6, 25, 109
147, 0022300191, 1610612739, 45, 91, 16, 35, 14, 17, 14, 25, 24, 3, 1, 11, 18, 120
148, 0022300017, 1610612766, 36, 81, 15, 32, 18, 22, 13, 32, 21, 6, 0, 18, 21, 105
149, 0022300018, 1610612737, 45, 87, 12, 33, 24, 26, 10, 31, 28, 9, 7, 14, 19, 126
150, 0022300019, 1610612754, 48, 93, 13, 37, 23, 33, 10, 31, 32, 7, 5, 11, 28, 132
151, 0022300020, 1610612751, 46, 85, 19, 39, 13, 20, 13, 31, 22, 13, 3, 15, 24, 124
152, 0022300021, 1610612760, 46, 89, 15, 39, 16, 20, 4, 36, 34, 19, 6, 15, 17, 123
153, 0022300022, 1610612742, 38, 90, 14, 42, 20, 26, 16, 29, 25, 4, 3, 20, 16, 110
154, 0022300023, 1610612757, 37, 88, 11, 35, 14, 20, 13, 30, 23, 5, 6, 17, 15, 99
155, 0022300024, 1610612743, 39, 73, 8, 23, 25, 32, 6, 30, 26, 4, 2, 14, 19, 111
156, 0022300025, 1610612744, 37, 88, 13, 39, 14, 16, 13, 33, 28, 11, 2, 19, 22, 101
157, 0022300026, 1610612747, 47, 81, 22, 35, 18, 24, 10, 44, 30, 4, 10, 18, 13, 134
158, 0022300192, 1610612742, 48, 92, 17, 42, 17, 29, 9, 37, 32, 6, 4, 10, 16, 130
159, 0022300193, 1610612737, 41, 75, 12, 31, 20, 26, 6, 24, 28, 11, 6, 15, 20, 114
160, 0022300194, 1610612738, 42, 88, 18, 50, 15, 19, 12, 33, 23, 7, 8, 9, 15, 117
161, 0022300195, 1610612749, 44, 85, 20, 39, 20, 21, 9, 32, 25, 8, 9, 13, 25, 128
162, 0022300196, 1610612741, 33, 83, 9, 33, 19, 22, 14, 39, 16, 7, 4, 19, 25, 94
163, 0022300197, 1610612750, 42, 92, 5, 27, 26, 28, 16, 24, 18, 8, 5, 6, 14, 115
164, 0022300198, 1610612747, 42, 83, 11, 29, 15, 19, 7, 36, 25, 12, 6, 23, 17, 110
165, 0022300199, 1610612739, 42, 75, 9, 30, 16, 21, 7, 40, 23, 5, 9, 17, 16, 109
166, 0022300200, 1610612751, 40, 85, 14, 36, 21, 27, 10, 30, 29, 5, 3, 14, 20, 115
167, 0022300201, 1610612744, 40, 98, 14, 41, 15, 19, 20, 29, 27, 5, 4, 16, 19, 109
168, 0022300027, 1610612766, 37, 91, 6, 26, 19, 22, 9, 34, 18, 5, 2, 12, 14, 99
169, 0022300028, 1610612752, 45, 91, 16, 38, 14, 20, 14, 34, 26, 5, 6, 10, 21, 120
170, 0022300029, 1610612737, 40, 89, 12, 33, 24, 30, 14, 25, 24, 8, 4, 13, 20, 116
171, 0022300030, 1610612739, 42, 82, 9, 21, 15, 21, 7, 32, 21, 9, 6, 12, 9, 108
172, 0022300031, 1610612738, 42, 92, 16, 46, 8, 9, 8, 36, 29, 5, 4, 10, 13, 108
173, 0022300032, 1610612758, 46, 85, 18, 42, 19, 24, 4, 38, 31, 10, 2, 13, 22, 129
174, 0022300033, 1610612741, 35, 79, 10, 29, 17, 22, 5, 29, 19, 10, 3, 16, 21, 97
175, 0022300034, 1610612743, 47, 96, 10, 40, 6, 12, 11, 40, 37, 4, 3, 13, 20, 110
176, 0022300035, 1610612756, 45, 86, 18, 33, 23, 26, 5, 31, 35, 5, 4, 8, 22, 131
177, 0022300036, 1610612747, 40, 81, 12, 29, 15, 22, 11, 33, 27, 11, 6, 18, 16, 107
178, 0022300037, 1610612745, 38, 88, 10, 31, 14, 20, 12, 35, 24, 6, 5, 16, 28, 100
179, 0022300202, 1610612766, 40, 82, 17, 35, 11, 13, 4, 32, 29, 5, 5, 13, 22, 108
180, 0022300203, 1610612750, 43, 80, 13, 31, 22, 27, 5, 28, 29, 6, 7, 14, 21, 121
181, 0022300204, 1610612741, 36, 81, 16, 45, 14, 19, 10, 34, 24, 9, 6, 12, 22, 102
182, 0022300205, 1610612742, 51, 103, 16, 47, 7, 10, 11, 38, 27, 1, 2, 12, 16, 125
183, 0022300206, 1610612763, 40, 86, 11, 33, 29, 36, 12, 33, 23, 7, 3, 12, 25, 120
184, 0022300207, 1610612744, 44, 97, 18, 46, 17, 21, 14, 35, 33, 6, 4, 16, 18, 123
185, 0022300208, 1610612751, 38, 81, 11, 28, 12, 16, 9, 36, 24, 2, 8, 15, 14, 99
186, 0022300211, 1610612765, 39, 83, 9, 26, 26, 35, 7, 34, 25, 3, 3, 17, 23, 113
187, 0022300209, 1610612754, 42, 95, 8, 31, 24, 31, 11, 29, 24, 10, 7, 16, 32, 116
188, 0022300210, 1610612739, 45, 82, 11, 27, 20, 26, 11, 36, 30, 6, 5, 13, 18, 121
189, 0022300212, 1610612742, 41, 88, 12, 34, 19, 26, 11, 29, 23, 8, 2, 10, 15, 113
190, 0022300213, 1610612738, 35, 77, 12, 31, 20, 25, 9, 36, 20, 6, 10, 17, 19, 102
191, 0022300214, 1610612756, 50, 102, 18, 45, 22, 26, 11, 33, 36, 11, 13, 17, 28, 140
192, 0022300215, 1610612760, 49, 81, 22, 36, 14, 14, 10, 33, 28, 8, 3, 17, 18, 134
193, 0022300216, 1610612745, 41, 84, 14, 37, 8, 10, 6, 28, 35, 7, 3, 18, 25, 104
194, 0022300217, 1610612738, 42, 97, 16, 50, 18, 28, 11, 37, 19, 6, 8, 13, 15, 118
195, 0022300218, 1610612743, 40, 87, 11, 28, 16, 21, 11, 32, 30, 7, 8, 14, 17, 107
196, 0022300219, 1610612749, 55, 94, 11, 29, 21, 28, 16, 39, 33, 3, 6, 13, 13, 142
197, 0022300220, 1610612741, 37, 81, 11, 37, 15, 16, 7, 29, 21, 2, 7, 11, 16, 100
198, 0022300221, 1610612750, 41, 80, 11, 34, 24, 32, 7, 37, 30, 7, 7, 13, 26, 117
199, 0022300222, 1610612740, 50, 92, 12, 28, 17, 21, 10, 45, 38, 8, 6, 10, 19, 129
200, 0022300223, 1610612746, 45, 95, 12, 36, 22, 25, 10, 41, 30, 15, 3, 7, 10, 124
201, 0022300224, 1610612744, 36, 77, 21, 43, 28, 33, 8, 35, 26, 3, 1, 8, 21, 121
202, 0022300038, 1610612753, 50, 100, 12, 31, 14, 20, 15, 25, 31, 12, 8, 12, 19, 126
203, 0022300039, 1610612737, 57, 95, 15, 31, 23, 28, 12, 27, 28, 8, 4, 15, 23, 152
204, 0022300040, 1610612739, 46, 94, 9, 25, 21, 25, 14, 42, 33, 9, 4, 15, 21, 122
205, 0022300041, 1610612756, 43, 76, 7, 17, 27, 28, 11, 27, 26, 8, 8, 13, 18, 120
206, 0022300042, 1610612747, 49, 86, 11, 29, 22, 27, 9, 43, 35, 6, 5, 13, 15, 131
207, 0022300225, 1610612766, 43, 91, 16, 37, 15, 21, 11, 38, 27, 6, 4, 12, 15, 117
208, 0022300226, 1610612743, 44, 93, 15, 35, 16, 21, 17, 25, 29, 6, 2, 10, 25, 119
209, 0022300227, 1610612737, 51, 116, 18, 49, 27, 29, 22, 36, 24, 10, 8, 14, 18, 147
210, 0022300228, 1610612738, 44, 84, 17, 42, 14, 17, 4, 39, 27, 3, 5, 15, 15, 119
211, 0022300229, 1610612739, 36, 77, 14, 30, 10, 14, 7, 27, 25, 5, 6, 19, 17, 96
212, 0022300230, 1610612754, 50, 91, 18, 39, 13, 16, 5, 26, 33, 10, 6, 14, 24, 131
213, 0022300231, 1610612745, 40, 92, 14, 43, 17, 20, 6, 43, 22, 6, 6, 6, 22, 111
214, 0022300232, 1610612750, 43, 89, 10, 26, 16, 24, 10, 38, 28, 10, 8, 12, 21, 112
215, 0022300233, 1610612740, 41, 87, 7, 30, 28, 37, 13, 35, 23, 10, 2, 10, 28, 117
216, 0022300234, 1610612741, 34, 88, 17, 44, 17, 17, 11, 27, 22, 7, 2, 10, 26, 102
217, 0022300235, 1610612746, 39, 85, 9, 28, 22, 29, 11, 39, 29, 10, 3, 16, 23, 109
218, 0022300236, 1610612744, 43, 90, 10, 32, 19, 29, 11, 32, 29, 10, 3, 15, 34, 115
219, 0022300237, 1610612757, 47, 92, 17, 39, 10, 15, 14, 23, 31, 9, 6, 13, 21, 121
220, 0022300238, 1610612742, 38, 96, 16, 50, 12, 16, 11, 37, 21, 5, 4, 4, 18, 104
221, 0022300043, 1610612738, 31, 76, 7, 29, 27, 37, 4, 27, 17, 10, 4, 14, 18, 96
222, 0022300044, 1610612763, 37, 80, 9, 33, 6, 10, 6, 29, 22, 6, 2, 13, 22, 89
223, 0022300045, 1610612748, 34, 87, 10, 37, 20, 21, 10, 31, 20, 11, 0, 11, 19, 98
224, 0022300046, 1610612741, 42, 82, 12, 27, 12, 19, 9, 28, 20, 5, 2, 12, 20, 108
225, 0022300047, 1610612765, 43, 90, 7, 18, 20, 24, 14, 29, 22, 6, 11, 14, 18, 113
226, 0022300048, 1610612743, 32, 94, 7, 30, 15, 21, 16, 30, 17, 8, 4, 15, 14, 86
227, 0022300049, 1610612749, 48, 92, 9, 31, 26, 33, 10, 40, 28, 6, 6, 9, 22, 131
228, 0022300050, 1610612750, 36, 82, 12, 33, 27, 29, 10, 34, 25, 6, 9, 18, 18, 111
229, 0022300051, 1610612744, 40, 81, 19, 42, 19, 24, 7, 34, 35, 7, 2, 24, 21, 118
230, 0022300052, 1610612746, 42, 92, 11, 37, 11, 17, 8, 31, 27, 11, 8, 11, 24, 106
231, 0022300239, 1610612760, 43, 98, 16, 43, 21, 26, 13, 25, 29, 3, 3, 4, 27, 123
232, 0022300240, 1610612751, 39, 78, 14, 36, 20, 23, 8, 34, 27, 11, 9, 11, 18, 112
233, 0022300241, 1610612737, 52, 102, 18, 37, 14, 20, 17, 32, 29, 13, 2, 9, 15, 136
234, 0022300242, 1610612739, 43, 91, 9, 28, 20, 23, 7, 30, 30, 13, 4, 14, 16, 115
235, 0022300243, 1610612740, 39, 93, 11, 36, 11, 18, 13, 29, 31, 15, 4, 13, 17, 100
236, 0022300244, 1610612742, 34, 91, 9, 38, 11, 14, 10, 27, 17, 6, 5, 9, 24, 88
237, 0022300245, 1610612749, 35, 89, 14, 42, 24, 32, 18, 34, 19, 13, 11, 17, 20, 108
238, 0022300246, 1610612737, 36, 88, 19, 53, 12, 19, 11, 32, 15, 5, 4, 15, 17, 103
239, 0022300247, 1610612752, 39, 86, 12, 29, 23, 32, 13, 25, 18, 7, 5, 6, 19, 113
240, 0022300248, 1610612766, 44, 83, 13, 30, 16, 25, 5, 31, 27, 6, 7, 18, 26, 117
241, 0022300249, 1610612763, 34, 88, 10, 37, 19, 27, 11, 24, 24, 4, 4, 13, 18, 97
242, 0022300250, 1610612751, 41, 83, 25, 53, 11, 15, 8, 31, 29, 7, 2, 9, 19, 118
243, 0022300251, 1610612739, 45, 97, 10, 31, 5, 6, 12, 37, 29, 2, 5, 14, 18, 105
244, 0022300252, 1610612743, 50, 89, 12, 28, 20, 25, 11, 34, 38, 8, 3, 19, 25, 132
245, 0022300253, 1610612765, 43, 102, 8, 38, 13, 19, 18, 31, 29, 7, 11, 16, 22, 107
246, 0022300254, 1610612754, 42, 88, 8, 33, 18, 24, 10, 32, 26, 10, 6, 20, 24, 110
247, 0022300255, 1610612747, 39, 83, 7, 28, 9, 13, 6, 26, 23, 3, 4, 17, 18, 94
248, 0022300256, 1610612740, 44, 88, 7, 22, 17, 25, 11, 37, 27, 5, 1, 8, 25, 112
249, 0022300257, 1610612743, 44, 92, 10, 22, 15, 28, 18, 34, 28, 8, 6, 11, 22, 113
250, 0022300053, 1610612738, 47, 90, 21, 49, 9, 12, 11, 41, 36, 6, 9, 16, 18, 124
251, 0022300054, 1610612751, 40, 89, 13, 38, 22, 26, 13, 46, 26, 7, 8, 15, 17, 115
252, 0022300055, 1610612737, 35, 101, 13, 44, 22, 24, 14, 30, 21, 9, 3, 10, 16, 105
253, 0022300056, 1610612748, 48, 94, 14, 30, 14, 21, 8, 27, 32, 3, 5, 6, 22, 124
254, 0022300057, 1610612766, 37, 89, 13, 31, 4, 7, 13, 28, 21, 8, 2, 17, 14, 91
255, 0022300058, 1610612750, 33, 78, 14, 33, 26, 32, 10, 41, 18, 3, 9, 19, 17, 106
256, 0022300059, 1610612742, 42, 89, 12, 34, 25, 29, 9, 29, 25, 5, 4, 7, 25, 121
257, 0022300060, 1610612744, 40, 83, 17, 41, 26, 30, 9, 43, 25, 6, 6, 18, 31, 123
258, 0022300258, 1610612765, 40, 97, 15, 36, 12, 14, 10, 29, 28, 8, 3, 14, 31, 107
259, 0022300259, 1610612753, 51, 84, 17, 27, 20, 24, 9, 35, 34, 5, 6, 18, 22, 139
260, 0022300260, 1610612756, 38, 94, 7, 26, 22, 23, 12, 35, 25, 3, 5, 9, 15, 105
261, 0022300261, 1610612763, 43, 87, 13, 39, 6, 8, 12, 39, 26, 9, 10, 15, 15, 105
262, 0022300262, 1610612740, 42, 78, 10, 30, 30, 34, 13, 27, 33, 11, 4, 20, 22, 124
263, 0022300263, 1610612743, 48, 95, 19, 43, 19, 26, 13, 28, 37, 4, 2, 3, 18, 134
264, 0022300264, 1610612746, 50, 93, 14, 28, 17, 22, 8, 29, 28, 8, 5, 4, 20, 131
265, 0022300265, 1610612739, 38, 89, 7, 32, 12, 12, 14, 21, 25, 12, 2, 17, 15, 95
266, 0022300266, 1610612751, 52, 105, 14, 36, 10, 15, 22, 30, 21, 6, 4, 9, 11, 128
267, 0022300267, 1610612754, 50, 98, 11, 43, 21, 32, 10, 24, 30, 11, 5, 9, 31, 132
268, 0022300268, 1610612765, 43, 81, 15, 35, 11, 17, 8, 34, 22, 4, 3, 20, 25, 112
269, 0022300269, 1610612741, 45, 98, 13, 37, 17, 22, 14, 37, 32, 14, 4, 21, 18, 120
270, 0022300270, 1610612750, 39, 89, 13, 35, 10, 13, 10, 32, 29, 13, 7, 11, 16, 101
271, 0022300271, 1610612747, 36, 81, 11, 33, 27, 32, 7, 34, 24, 6, 2, 13, 20, 110
272, 0022300272, 1610612737, 49, 96, 14, 33, 25, 29, 8, 29, 24, 14, 2, 10, 25, 137
273, 0022300273, 1610612744, 41, 82, 15, 39, 23, 31, 10, 37, 30, 3, 4, 7, 18, 120
274, 0022300274, 1610612753, 46, 89, 12, 31, 26, 33, 10, 34, 35, 6, 8, 14, 23, 130
275, 0022300275, 1610612738, 39, 77, 16, 33, 31, 36, 10, 36, 25, 10, 8, 20, 18, 125
276, 0022300276, 1610612752, 45, 90, 16, 36, 13, 16, 11, 32, 30, 6, 3, 12, 15, 119
277, 0022300277, 1610612742, 34, 92, 12, 39, 14, 21, 13, 29, 27, 9, 5, 11, 13, 94
278, 0022300278, 1610612740, 42, 85, 10, 31, 27, 29, 10, 32, 26, 8, 6, 11, 15, 121
279, 0022300279, 1610612743, 50, 88, 12, 32, 7, 12, 4, 28, 38, 8, 4, 9, 21, 119
280, 0022300280, 1610612744, 38, 86, 17, 43, 19, 24, 6, 36, 31, 5, 4, 13, 15, 112
281, 0022300281, 1610612766, 44, 91, 12, 25, 17, 19, 10, 26, 29, 6, 4, 8, 22, 117
282, 0022300282, 1610612751, 46, 91, 14, 34, 23, 31, 14, 43, 31, 4, 8, 11, 21, 129
283, 0022300283, 1610612739, 44, 89, 10, 30, 12, 18, 8, 35, 25, 11, 1, 11, 18, 110
284, 0022300284, 1610612754, 56, 85, 16, 32, 16, 20, 3, 29, 35, 4, 8, 9, 24, 144
285, 0022300285, 1610612741, 48, 88, 17, 40, 11, 15, 12, 29, 32, 6, 8, 13, 21, 124
286, 0022300286, 1610612737, 45, 101, 15, 38, 16, 21, 15, 25, 23, 11, 4, 11, 14, 121
287, 0022300287, 1610612742, 39, 87, 19, 52, 23, 35, 15, 32, 26, 5, 12, 15, 21, 120
288, 0022300288, 1610612763, 39, 86, 9, 31, 22, 24, 8, 32, 14, 9, 8, 15, 31, 109
289, 0022300289, 1610612757, 38, 95, 13, 40, 24, 27, 11, 29, 17, 11, 5, 9, 20, 113
290, 0022300290, 1610612743, 49, 99, 6, 25, 13, 20, 8, 38, 35, 9, 7, 10, 14, 117
291, 0022300291, 1610612745, 36, 89, 11, 31, 14, 18, 11, 43, 24, 5, 7, 16, 23, 97
292, 0022301202, 1610612738, 46, 97, 12, 41, 8, 12, 13, 43, 27, 5, 9, 17, 19, 112
293, 0022301204, 1610612740, 47, 87, 14, 31, 19, 23, 13, 29, 29, 12, 7, 12, 22, 127
294, 0022301201, 1610612749, 55, 91, 23, 38, 13, 19, 12, 25, 32, 12, 6, 12, 23, 146
295, 0022301203, 1610612747, 38, 102, 9, 30, 21, 25, 21, 24, 24, 11, 2, 9, 19, 106
296, 0022301205, 1610612739, 46, 86, 14, 34, 15, 20, 10, 35, 29, 5, 2, 15, 27, 121
297, 0022301206, 1610612765, 41, 91, 11, 35, 9, 9, 8, 34, 30, 9, 6, 16, 17, 102
298, 0022301208, 1610612755, 47, 92, 8, 27, 29, 34, 11, 32, 29, 7, 2, 11, 14, 131
299, 0022301207, 1610612748, 41, 89, 14, 38, 16, 19, 8, 36, 33, 5, 4, 7, 18, 112
300, 0022301209, 1610612737, 42, 94, 12, 35, 17, 18, 11, 38, 25, 5, 4, 12, 23, 113
301, 0022301210, 1610612750, 36, 87, 12, 40, 18, 21, 11, 44, 20, 4, 10, 14, 16, 102
302, 0022301211, 1610612766, 39, 90, 10, 37, 12, 12, 12, 30, 25, 9, 9, 16, 24, 100
303, 0022301212, 1610612745, 40, 83, 15, 33, 15, 22, 10, 43, 28, 6, 5, 19, 16, 110
304, 0022301213, 1610612742, 56, 101, 22, 49, 13, 19, 11, 36, 37, 11, 5, 7, 14, 147
305, 0022301214, 1610612744, 36, 86, 10, 34, 28, 33, 15, 35, 20, 4, 3, 17, 19, 110
306, 0022301215, 1610612743, 41, 98, 12, 31, 8, 9, 14, 32, 29, 7, 5, 11, 20, 102
307, 0022301229, 1610612754, 50, 102, 7, 33, 21, 25, 15, 36, 30, 9, 8, 9, 21, 128
308, 0022301230, 1610612747, 47, 86, 17, 35, 22, 29, 11, 48, 31, 6, 4, 14, 16, 133
309, 0022301216, 1610612766, 44, 79, 13, 25, 18, 20, 7, 24, 30, 7, 4, 15, 15, 119
310, 0022301217, 1610612765, 34, 81, 6, 30, 17, 24, 8, 30, 17, 3, 2, 15, 17, 91
311, 0022301218, 1610612737, 41, 104, 13, 39, 19, 21, 23, 32, 20, 3, 4, 13, 23, 114
312, 0022301219, 1610612751, 50, 104, 10, 33, 14, 18, 18, 37, 27, 8, 8, 10, 18, 124
313, 0022301227, 1610612738, 48, 91, 19, 47, 18, 21, 8, 26, 24, 8, 5, 7, 19, 133
314, 0022301220, 1610612739, 40, 87, 14, 38, 17, 26, 12, 39, 21, 13, 2, 13, 17, 111
315, 0022301221, 1610612763, 37, 86, 15, 35, 14, 19, 8, 20, 24, 7, 4, 9, 23, 103
316, 0022301222, 1610612744, 49, 104, 19, 48, 19, 23, 24, 36, 29, 3, 2, 28, 28, 136
317, 0022301223, 1610612741, 47, 102, 13, 28, 14, 24, 24, 32, 27, 9, 2, 7, 19, 121
318, 0022301224, 1610612743, 38, 90, 10, 28, 20, 27, 12, 35, 22, 4, 5, 10, 24, 106
319, 0022301228, 1610612756, 40, 83, 11, 32, 15, 23, 8, 32, 26, 8, 5, 11, 19, 106
320, 0022301225, 1610612746, 43, 88, 15, 34, 16, 21, 11, 29, 23, 8, 9, 12, 18, 117
321, 0022301226, 1610612742, 47, 91, 12, 39, 19, 22, 9, 33, 26, 8, 5, 15, 23, 125
322, 0062300001, 1610612754, 35, 95, 10, 41, 29, 33, 9, 23, 27, 10, 7, 9, 33, 109
323, 0022300292, 1610612766, 40, 84, 17, 41, 17, 22, 6, 25, 31, 3, 2, 10, 22, 114
324, 0022300293, 1610612765, 45, 81, 10, 29, 23, 30, 6, 24, 26, 11, 4, 14, 18, 123
325, 0022300294, 1610612739, 30, 85, 9, 40, 25, 33, 18, 30, 15, 10, 3, 14, 23, 94
326, 0022300295, 1610612755, 52, 95, 20, 46, 22, 25, 9, 38, 37, 14, 6, 13, 27, 146
327, 0022300296, 1610612737, 44, 96, 17, 44, 17, 18, 13, 22, 25, 9, 2, 10, 21, 122
328, 0022300297, 1610612752, 52, 86, 17, 29, 15, 23, 14, 28, 36, 5, 3, 15, 22, 136
329, 0022300298, 1610612745, 32, 93, 12, 39, 17, 20, 15, 45, 20, 7, 2, 16, 18, 93
330, 0022300299, 1610612742, 43, 86, 17, 40, 17, 19, 10, 33, 27, 8, 9, 17, 17, 120
331, 0022300300, 1610612741, 47, 114, 15, 34, 20, 25, 18, 33, 25, 3, 4, 6, 27, 129
332, 0022300301, 1610612750, 40, 91, 13, 36, 14, 19, 11, 36, 26, 5, 3, 11, 28, 107
333, 0022300302, 1610612760, 50, 96, 18, 38, 16, 17, 7, 32, 35, 9, 7, 12, 17, 134
334, 0022300303, 1610612751, 42, 88, 14, 29, 20, 21, 10, 31, 24, 4, 6, 13, 13, 118
335, 0022300304, 1610612746, 49, 89, 13, 34, 21, 22, 9, 26, 33, 7, 9, 9, 20, 132
336, 0022300305, 1610612738, 38, 84, 18, 44, 26, 26, 12, 33, 23, 9, 9, 13, 13, 120
337, 0022300306, 1610612742, 44, 89, 21, 43, 18, 21, 12, 24, 28, 7, 5, 10, 17, 127
338, 0022300307, 1610612741, 36, 86, 13, 40, 21, 23, 11, 30, 26, 6, 9, 12, 22, 106
339, 0022300308, 1610612744, 41, 92, 16, 46, 18, 27, 13, 38, 26, 9, 1, 15, 28, 116
340, 0022300309, 1610612746, 44, 84, 11, 29, 20, 21, 6, 43, 21, 7, 2, 15, 17, 119
341, 0022300310, 1610612765, 39, 88, 10, 33, 23, 30, 6, 29, 24, 6, 3, 9, 22, 111
342, 0022300311, 1610612740, 50, 96, 16, 34, 26, 30, 10, 36, 30, 11, 3, 9, 17, 142
343, 0022300312, 1610612766, 41, 77, 12, 31, 10, 11, 4, 27, 27, 11, 5, 21, 18, 104
344, 0022300313, 1610612737, 48, 100, 18, 41, 14, 19, 13, 29, 32, 9, 8, 7, 18, 128
345, 0022300314, 1610612745, 39, 86, 12, 32, 27, 37, 15, 43, 23, 6, 3, 19, 28, 117
346, 0022300315, 1610612754, 45, 100, 11, 36, 25, 32, 16, 29, 30, 7, 6, 18, 32, 126
347, 0022300316, 1610612747, 49, 91, 14, 35, 10, 17, 5, 41, 31, 14, 4, 16, 16, 122
348, 0022300317, 1610612751, 41, 89, 15, 41, 19, 24, 10, 26, 24, 9, 4, 7, 17, 116
349, 0022300318, 1610612752, 41, 94, 9, 39, 22, 32, 14, 32, 21, 10, 4, 8, 21, 113
350, 0022300319, 1610612738, 43, 85, 13, 36, 17, 20, 13, 31, 22, 7, 8, 13, 15, 116
351, 0022300320, 1610612741, 45, 93, 14, 36, 20, 30, 11, 32, 32, 8, 2, 5, 23, 124
352, 0022300321, 1610612742, 39, 83, 7, 32, 16, 18, 4, 30, 21, 6, 2, 15, 19, 101
353, 0022300322, 1610612751, 39, 95, 8, 30, 15, 20, 18, 35, 28, 5, 4, 16, 23, 101
354, 0022300323, 1610612757, 43, 103, 16, 45, 12, 18, 21, 28, 30, 9, 4, 11, 12, 114
355, 0022300324, 1610612760, 44, 102, 11, 36, 24, 27, 16, 28, 26, 8, 7, 13, 25, 123
356, 0022300325, 1610612744, 40, 92, 16, 45, 17, 19, 16, 27, 22, 8, 2, 11, 24, 113
357, 0022300326, 1610612766, 41, 92, 9, 31, 16, 21, 8, 31, 18, 7, 4, 8, 24, 107
358, 0022300327, 1610612765, 35, 81, 4, 21, 18, 23, 7, 35, 19, 3, 7, 21, 25, 92
359, 0022300328, 1610612754, 48, 107, 15, 40, 12, 16, 13, 28, 35, 7, 8, 15, 25, 123
360, 0022300329, 1610612738, 48, 92, 18, 42, 14, 20, 9, 25, 31, 14, 7, 10, 22, 128
361, 0022300330, 1610612737, 52, 101, 16, 41, 5, 6, 16, 39, 34, 4, 4, 12, 19, 125
362, 0022300331, 1610612747, 43, 89, 11, 36, 18, 28, 9, 34, 32, 5, 5, 6, 15, 115
363, 0022300332, 1610612745, 32, 88, 11, 29, 28, 32, 15, 36, 18, 10, 10, 11, 19, 103
364, 0022300333, 1610612752, 49, 82, 17, 29, 24, 28, 9, 29, 28, 9, 5, 11, 20, 139
365, 0022300334, 1610612765, 43, 96, 6, 28, 22, 26, 10, 26, 25, 10, 4, 8, 23, 114
366, 0022300335, 1610612766, 33, 91, 7, 35, 9, 11, 8, 28, 15, 3, 4, 11, 14, 82
367, 0022300336, 1610612737, 41, 85, 15, 36, 22, 25, 6, 28, 21, 5, 4, 11, 21, 119
368, 0022300337, 1610612741, 37, 77, 16, 38, 26, 29, 11, 29, 25, 8, 4, 14, 19, 116
369, 0022300338, 1610612754, 45, 90, 6, 21, 13, 16, 13, 27, 25, 10, 6, 13, 15, 109
370, 0022300339, 1610612751, 45, 93, 17, 43, 13, 15, 14, 28, 31, 6, 8, 16, 21, 120
371, 0022300340, 1610612743, 42, 93, 12, 32, 21, 24, 16, 30, 30, 5, 0, 9, 22, 117
372, 0022300341, 1610612742, 48, 97, 16, 47, 19, 21, 11, 36, 27, 7, 2, 12, 17, 131
373, 0022300342, 1610612758, 46, 85, 22, 45, 11, 15, 8, 37, 36, 6, 2, 14, 17, 125
374, 0022300343, 1610612746, 50, 88, 16, 33, 28, 34, 8, 34, 36, 8, 6, 8, 21, 144
375, 0022300344, 1610612738, 45, 95, 17, 36, 7, 8, 10, 45, 18, 4, 10, 14, 19, 114
376, 0022300345, 1610612740, 55, 98, 22, 42, 14, 22, 11, 40, 38, 11, 3, 13, 19, 146
377, 0022300346, 1610612745, 45, 85, 11, 27, 18, 21, 6, 25, 26, 8, 4, 9, 21, 119
378, 0022300347, 1610612756, 41, 90, 7, 31, 23, 30, 13, 41, 29, 8, 6, 17, 16, 112
379, 0022300348, 1610612744, 46, 87, 13, 38, 13, 19, 11, 32, 31, 10, 4, 14, 20, 118
380, 0022300349, 1610612739, 47, 97, 19, 48, 22, 34, 14, 24, 29, 7, 8, 11, 25, 135
381, 0022300350, 1610612754, 49, 95, 12, 33, 17, 21, 11, 23, 38, 6, 7, 11, 21, 127
382, 0022300351, 1610612741, 42, 89, 12, 29, 12, 15, 11, 34, 24, 7, 9, 10, 15, 108
383, 0022300352, 1610612737, 46, 85, 16, 36, 22, 27, 11, 29, 25, 6, 10, 17, 24, 130
384, 0022300353, 1610612748, 41, 87, 11, 30, 15, 18, 9, 31, 27, 10, 4, 15, 18, 108
385, 0022300354, 1610612766, 39, 89, 8, 32, 13, 13, 10, 26, 18, 8, 6, 12, 19, 99
386, 0022300355, 1610612763, 30, 85, 19, 54, 18, 21, 7, 38, 25, 6, 3, 22, 19, 97
387, 0022300356, 1610612742, 41, 92, 13, 38, 9, 19, 15, 28, 19, 2, 0, 11, 20, 104
388, 0022300357, 1610612751, 39, 90, 16, 39, 14, 20, 11, 25, 25, 4, 9, 13, 17, 108
389, 0022300358, 1610612758, 53, 100, 17, 43, 20, 26, 9, 33, 35, 8, 5, 7, 24, 143
390, 0022300359, 1610612747, 42, 99, 13, 41, 12, 13, 9, 32, 29, 9, 3, 10, 17, 109
391, 0022300360, 1610612763, 41, 82, 10, 31, 23, 29, 13, 29, 19, 5, 7, 17, 19, 115
392, 0022300361, 1610612749, 50, 106, 18, 49, 14, 18, 11, 36, 34, 11, 7, 6, 15, 132
393, 0022300362, 1610612738, 47, 114, 17, 58, 15, 17, 18, 37, 28, 6, 5, 8, 13, 126
394, 0022300363, 1610612756, 42, 94, 5, 23, 15, 21, 14, 33, 23, 10, 6, 13, 15, 104
395, 0022300364, 1610612739, 45, 96, 23, 51, 11, 16, 14, 30, 34, 8, 3, 11, 23, 124
396, 0022300365, 1610612766, 45, 95, 8, 31, 15, 19, 16, 21, 23, 6, 0, 10, 18, 113
397, 0022300366, 1610612748, 40, 83, 15, 29, 20, 24, 10, 29, 25, 6, 2, 11, 17, 115
398, 0022300367, 1610612750, 42, 82, 9, 25, 20, 24, 9, 30, 22, 4, 2, 18, 22, 113
399, 0022300368, 1610612751, 37, 101, 15, 47, 13, 17, 17, 32, 25, 6, 9, 11, 20, 102
400, 0022300369, 1610612743, 49, 98, 12, 33, 3, 7, 15, 31, 29, 9, 9, 8, 13, 113
401, 0022300370, 1610612741, 48, 88, 18, 34, 10, 11, 7, 41, 25, 7, 6, 15, 15, 124
402, 0022300371, 1610612737, 47, 91, 17, 40, 23, 28, 12, 32, 31, 4, 3, 9, 18, 134
403, 0022300372, 1610612742, 39, 91, 14, 43, 19, 27, 13, 23, 23, 8, 3, 6, 19, 111
404, 0022300373, 1610612738, 51, 92, 22, 42, 20, 24, 14, 36, 35, 6, 10, 9, 17, 144
405, 0022300374, 1610612765, 43, 86, 9, 31, 16, 19, 12, 29, 24, 6, 9, 20, 19, 111
406, 0022300375, 1610612739, 41, 87, 17, 44, 5, 8, 6, 29, 34, 4, 3, 11, 13, 104
407, 0022300376, 1610612741, 49, 90, 7, 28, 9, 11, 5, 31, 24, 11, 5, 11, 18, 114
408, 0022300377, 1610612754, 38, 90, 18, 52, 9, 11, 12, 27, 28, 12, 9, 16, 21, 103
409, 0022300378, 1610612749, 38, 90, 11, 37, 31, 35, 10, 41, 26, 3, 6, 13, 22, 118
410, 0022300379, 1610612746, 44, 93, 17, 43, 10, 12, 12, 28, 23, 9, 5, 15, 18, 115
411, 0022300380, 1610612747, 41, 83, 10, 24, 19, 24, 7, 31, 21, 6, 6, 17, 18, 111
412, 0022300381, 1610612757, 43, 95, 14, 30, 17, 23, 20, 31, 24, 7, 6, 15, 27, 117
413, 0022300382, 1610612755, 44, 83, 14, 31, 19, 21, 3, 35, 34, 6, 6, 13, 21, 121
414, 0022300383, 1610612751, 43, 89, 13, 33, 18, 26, 14, 31, 32, 4, 7, 10, 23, 117
415, 0022300384, 1610612737, 42, 96, 19, 54, 10, 14, 12, 31, 29, 9, 2, 13, 23, 113
416, 0022300385, 1610612742, 35, 101, 7, 40, 19, 26, 14, 33, 18, 10, 1, 11, 17, 96
417, 0022300386, 1610612744, 47, 97, 18, 45, 17, 20, 14, 43, 33, 5, 2, 12, 17, 129
418, 0022300387, 1610612756, 39, 88, 5, 25, 22, 28, 15, 30, 19, 8, 4, 15, 19, 105
419, 0022300388, 1610612749, 48, 91, 16, 32, 18, 23, 12, 41, 25, 4, 2, 14, 22, 130
420, 0022300389, 1610612738, 49, 94, 25, 53, 22, 28, 15, 36, 33, 4, 5, 9, 19, 145
421, 0022300390, 1610612766, 34, 88, 8, 28, 19, 23, 13, 34, 23, 8, 11, 17, 15, 95
422, 0022300391, 1610612754, 43, 82, 15, 34, 9, 13, 7, 26, 27, 7, 6, 15, 30, 110
423, 0022300392, 1610612745, 35, 82, 9, 29, 27, 35, 13, 31, 21, 9, 2, 11, 20, 106
424, 0022300393, 1610612737, 45, 96, 13, 43, 16, 20, 13, 28, 28, 8, 5, 10, 22, 119
425, 0022300394, 1610612751, 45, 86, 10, 24, 26, 32, 7, 31, 32, 10, 3, 10, 22, 126
426, 0022300395, 1610612761, 45, 94, 13, 32, 16, 19, 12, 27, 35, 7, 5, 11, 17, 119
427, 0022300396, 1610612741, 35, 80, 8, 35, 17, 19, 5, 32, 23, 6, 5, 12, 22, 95
428, 0022300397, 1610612747, 47, 90, 16, 32, 19, 23, 8, 36, 37, 7, 7, 9, 13, 129
429, 0022300398, 1610612742, 52, 100, 23, 45, 17, 21, 11, 41, 26, 7, 6, 12, 18, 144
430, 0022300399, 1610612744, 48, 83, 10, 33, 20, 24, 13, 36, 38, 8, 2, 16, 14, 126
431, 0022300400, 1610612750, 44, 87, 10, 33, 12, 14, 7, 36, 31, 9, 5, 12, 18, 110
432, 0022300401, 1610612749, 45, 95, 13, 42, 19, 24, 17, 27, 26, 7, 4, 11, 23, 122
433, 0022300402, 1610612743, 40, 82, 14, 34, 26, 32, 10, 33, 25, 6, 4, 14, 17, 120
434, 0022300403, 1610612738, 46, 91, 13, 42, 21, 28, 11, 33, 31, 8, 7, 8, 17, 126
435, 0022300404, 1610612748, 40, 84, 12, 32, 27, 35, 13, 43, 27, 5, 7, 14, 17, 119
436, 0022300405, 1610612742, 45, 84, 16, 44, 22, 30, 8, 30, 28, 7, 6, 11, 20, 128
437, 0022300406, 1610612751, 41, 82, 9, 22, 27, 43, 7, 35, 22, 6, 7, 9, 22, 118
438, 0022300407, 1610612753, 49, 93, 12, 26, 17, 25, 7, 33, 30, 11, 5, 16, 16, 127
439, 0022300408, 1610612737, 41, 89, 13, 45, 18, 21, 12, 28, 24, 6, 3, 15, 21, 113
440, 0022300409, 1610612745, 47, 97, 5, 24, 18, 22, 15, 29, 19, 15, 2, 10, 16, 117
441, 0022300410, 1610612763, 39, 90, 11, 46, 27, 32, 8, 42, 24, 10, 17, 17, 24, 116
442, 0022300411, 1610612750, 34, 73, 12, 27, 26, 32, 8, 26, 22, 8, 1, 21, 16, 106
443, 0022300412, 1610612759, 44, 98, 16, 35, 14, 21, 13, 30, 36, 8, 8, 9, 18, 118
444, 0022300413, 1610612757, 49, 98, 16, 40, 16, 20, 16, 30, 28, 5, 5, 7, 17, 130
445, 0022300414, 1610612766, 43, 93, 6, 29, 12, 16, 8, 34, 31, 8, 6, 11, 23, 104
446, 0022300415, 1610612753, 31, 79, 9, 33, 21, 24, 9, 34, 17, 5, 11, 16, 18, 92
447, 0022300416, 1610612761, 52, 91, 15, 38, 13, 19, 14, 39, 43, 12, 5, 17, 18, 132
448, 0022300417, 1610612751, 45, 101, 7, 32, 25, 29, 17, 30, 29, 7, 2, 9, 17, 122
449, 0022300418, 1610612745, 40, 96, 17, 41, 16, 22, 9, 24, 20, 11, 3, 9, 21, 113
450, 0022300419, 1610612752, 41, 82, 14, 34, 24, 30, 9, 31, 24, 2, 2, 18, 21, 120
451, 0022300420, 1610612739, 40, 92, 17, 43, 16, 23, 18, 39, 33, 7, 4, 16, 21, 113
452, 0022300421, 1610612738, 48, 99, 11, 39, 21, 25, 11, 32, 25, 10, 4, 12, 15, 128
453, 0022300422, 1610612741, 40, 97, 7, 27, 17, 22, 13, 34, 19, 7, 4, 7, 20, 104
454, 0022300423, 1610612742, 40, 90, 14, 33, 16, 19, 13, 26, 29, 9, 3, 16, 27, 110
455, 0022300424, 1610612740, 45, 82, 10, 27, 12, 15, 6, 29, 27, 10, 7, 14, 19, 112
456, 0022300425, 1610612743, 55, 96, 20, 41, 12, 14, 12, 41, 43, 6, 7, 11, 19, 142
457, 0022300426, 1610612744, 37, 88, 8, 33, 20, 25, 12, 31, 27, 4, 7, 13, 19, 102
458, 0022300427, 1610612757, 35, 101, 11, 36, 24, 32, 22, 35, 16, 6, 4, 13, 22, 105
459, 0022300428, 1610612766, 40, 85, 15, 33, 17, 28, 8, 35, 29, 5, 5, 19, 14, 112
460, 0022300429, 1610612752, 38, 86, 6, 30, 26, 29, 6, 34, 22, 8, 4, 16, 30, 108
461, 0022300430, 1610612751, 39, 91, 9, 28, 17, 27, 18, 36, 24, 5, 4, 10, 13, 104
462, 0022300431, 1610612737, 37, 94, 15, 43, 21, 25, 18, 33, 29, 9, 4, 15, 16, 110
463, 0022300432, 1610612738, 43, 88, 17, 39, 17, 20, 13, 39, 29, 3, 6, 16, 17, 120
464, 0022300433, 1610612739, 49, 103, 6, 43, 7, 9, 7, 30, 28, 11, 7, 8, 20, 111
465, 0022300434, 1610612745, 49, 91, 14, 30, 15, 21, 14, 28, 30, 8, 6, 16, 24, 127
466, 0022300435, 1610612743, 36, 85, 10, 37, 11, 15, 5, 31, 30, 6, 5, 16, 17, 93
467, 0022300436, 1610612766, 44, 92, 23, 46, 8, 8, 8, 18, 32, 5, 3, 6, 17, 119
468, 0022300437, 1610612757, 48, 95, 16, 27, 22, 27, 16, 27, 28, 8, 6, 14, 19, 134
469, 0022300438, 1610612746, 43, 87, 11, 39, 20, 25, 11, 43, 28, 3, 6, 17, 19, 117
470, 0022300439, 1610612748, 34, 78, 9, 31, 32, 40, 8, 38, 20, 8, 8, 16, 24, 109
471, 0022300440, 1610612765, 41, 82, 12, 28, 35, 40, 6, 35, 29, 4, 4, 11, 22, 129
472, 0022300441, 1610612754, 50, 85, 23, 43, 17, 21, 7, 27, 40, 6, 7, 16, 18, 140
473, 0022300442, 1610612741, 40, 79, 7, 25, 18, 30, 12, 41, 21, 5, 5, 16, 15, 105
474, 0022300443, 1610612747, 37, 88, 7, 24, 25, 32, 8, 31, 23, 12, 4, 10, 15, 106
475, 0022300444, 1610612742, 49, 88, 16, 40, 18, 22, 6, 37, 25, 5, 2, 9, 14, 132
476, 0022300445, 1610612737, 47, 95, 12, 32, 24, 37, 12, 46, 27, 5, 3, 12, 18, 130
477, 0022300446, 1610612747, 39, 82, 10, 32, 21, 25, 4, 31, 26, 8, 10, 13, 15, 109
478, 0022300447, 1610612751, 38, 100, 12, 46, 20, 31, 17, 30, 26, 9, 2, 6, 21, 108
479, 0022300448, 1610612738, 51, 95, 15, 42, 17, 22, 13, 44, 29, 6, 7, 10, 12, 134
480, 0022300449, 1610612763, 30, 82, 12, 40, 20, 28, 1, 33, 20, 4, 1, 8, 14, 92
481, 0022300450, 1610612753, 42, 90, 12, 37, 11, 12, 8, 37, 22, 2, 4, 15, 18, 107
482, 0022300451, 1610612750, 36, 76, 11, 28, 23, 29, 4, 30, 19, 6, 4, 13, 22, 106
483, 0022300452, 1610612739, 43, 89, 12, 36, 23, 26, 6, 37, 25, 9, 2, 9, 29, 121
484, 0022300453, 1610612765, 40, 83, 13, 29, 20, 27, 10, 27, 27, 3, 4, 17, 21, 113
485, 0022300454, 1610612754, 43, 97, 5, 35, 31, 38, 14, 38, 23, 7, 5, 7, 24, 122
486, 0022300455, 1610612766, 36, 86, 10, 26, 11, 16, 8, 37, 24, 4, 5, 12, 15, 93
487, 0022300456, 1610612756, 38, 80, 11, 29, 22, 33, 9, 38, 24, 10, 5, 16, 20, 109
488, 0022300457, 1610612742, 37, 93, 11, 40, 5, 10, 8, 33, 28, 6, 5, 16, 15, 90
489, 0022300458, 1610612746, 47, 80, 14, 29, 13, 14, 6, 31, 25, 10, 3, 15, 20, 121
490, 0022300459, 1610612741, 37, 96, 7, 37, 16, 23, 19, 32, 17, 9, 7, 18, 21, 97
491, 0022300460, 1610612763, 37, 80, 12, 38, 20, 25, 8, 38, 24, 5, 8, 15, 23, 106
492, 0022300461, 1610612751, 35, 98, 11, 43, 4, 8, 18, 25, 26, 7, 4, 12, 13, 85
493, 0022300462, 1610612738, 42, 92, 15, 40, 24, 29, 17, 30, 33, 7, 10, 14, 15, 123
494, 0022300463, 1610612744, 42, 78, 13, 35, 24, 37, 9, 27, 23, 9, 6, 12, 19, 121
495, 0022300464, 1610612766, 42, 82, 12, 34, 15, 19, 4, 31, 23, 8, 10, 14, 15, 111
496, 0022300465, 1610612739, 54, 100, 20, 42, 12, 16, 18, 44, 37, 5, 8, 8, 13, 140
497, 0022300466, 1610612754, 50, 90, 14, 35, 28, 34, 7, 37, 34, 7, 5, 10, 27, 142
498, 0022300467, 1610612737, 48, 95, 14, 39, 31, 33, 15, 34, 30, 8, 5, 11, 21, 141
499, 0022300469, 1610612751, 36, 93, 13, 44, 16, 26, 15, 35, 25, 11, 6, 8, 19, 101
500, 0022300470, 1610612763, 40, 94, 15, 42, 16, 19, 9, 34, 25, 7, 5, 10, 19, 111
501, 0022300471, 1610612750, 37, 82, 10, 31, 22, 27, 8, 20, 26, 7, 6, 11, 13, 106
502, 0022300468, 1610612741, 37, 89, 13, 32, 13, 16, 11, 28, 24, 9, 7, 11, 17, 100
503, 0022300472, 1610612742, 42, 84, 13, 30, 29, 41, 7, 36, 25, 12, 7, 11, 18, 126
504, 0022300473, 1610612746, 42, 76, 18, 34, 29, 32, 10, 26, 25, 9, 5, 12, 18, 131
505, 0022300474, 1610612765, 56, 105, 19, 41, 17, 22, 16, 32, 33, 5, 3, 17, 27, 148
506, 0022300475, 1610612747, 35, 83, 4, 30, 22, 24, 9, 41, 29, 3, 6, 21, 14, 96
507, 0022300476, 1610612753, 44, 90, 25, 44, 22, 27, 7, 32, 33, 10, 7, 20, 30, 135
508, 0022300477, 1610612749, 49, 92, 12, 34, 15, 19, 8, 34, 27, 5, 5, 14, 16, 125
509, 0022300478, 1610612743, 48, 85, 9, 26, 25, 29, 11, 25, 28, 7, 4, 7, 15, 130
510, 0022300479, 1610612738, 39, 90, 17, 49, 31, 36, 9, 47, 24, 9, 8, 12, 23, 126
511, 0022300480, 1610612737, 40, 93, 10, 42, 26, 30, 14, 25, 21, 6, 3, 14, 11, 116
512, 0022300481, 1610612751, 41, 91, 14, 39, 28, 33, 20, 31, 25, 9, 3, 15, 24, 124
513, 0022300482, 1610612739, 41, 77, 16, 33, 16, 23, 12, 40, 31, 9, 1, 23, 19, 114
514, 0022300483, 1610612752, 43, 89, 18, 41, 24, 25, 10, 39, 27, 7, 7, 11, 22, 128
515, 0022300484, 1610612766, 36, 89, 10, 34, 9, 12, 12, 30, 20, 7, 1, 11, 20, 91
516, 0022300485, 1610612745, 36, 90, 12, 32, 11, 15, 7, 31, 18, 7, 2, 15, 15, 95
517, 0022300486, 1610612746, 40, 82, 15, 36, 16, 20, 10, 40, 28, 6, 7, 14, 18, 111
518, 0022300487, 1610612742, 56, 96, 17, 38, 10, 15, 10, 42, 35, 11, 8, 17, 21, 139
519, 0022300488, 1610612743, 48, 95, 9, 33, 15, 19, 9, 29, 28, 8, 1, 13, 23, 120
520, 0022300489, 1610612748, 34, 83, 10, 37, 19, 22, 11, 33, 26, 5, 2, 15, 21, 97
521, 0022300490, 1610612765, 44, 98, 13, 44, 8, 10, 10, 30, 25, 8, 9, 11, 23, 109
522, 0022300491, 1610612747, 42, 85, 10, 28, 19, 27, 8, 27, 26, 13, 3, 13, 14, 113
523, 0022300492, 1610612758, 52, 100, 21, 38, 10, 15, 11, 31, 35, 4, 1, 14, 23, 135
524, 0022300493, 1610612738, 46, 90, 16, 41, 10, 19, 13, 43, 26, 6, 6, 17, 20, 118
525, 0022300494, 1610612752, 43, 87, 14, 36, 21, 24, 11, 34, 27, 9, 2, 14, 16, 121
526, 0022300495, 1610612755, 42, 104, 7, 38, 18, 23, 15, 19, 30, 12, 6, 6, 20, 109
527, 0022300496, 1610612745, 36, 83, 13, 34, 27, 32, 7, 39, 22, 7, 2, 10, 24, 112
528, 0022300497, 1610612739, 43, 88, 16, 43, 15, 21, 12, 32, 27, 6, 3, 16, 16, 117
529, 0022300498, 1610612751, 46, 91, 14, 37, 21, 25, 9, 35, 29, 7, 7, 15, 25, 127
530, 0022300499, 1610612737, 42, 91, 9, 30, 17, 29, 8, 42, 21, 9, 10, 12, 23, 110
531, 0022300500, 1610612740, 50, 82, 19, 35, 14, 16, 9, 42, 35, 2, 9, 16, 14, 133
532, 0022300501, 1610612742, 43, 95, 15, 40, 14, 20, 15, 29, 20, 7, 8, 11, 19, 115
533, 0022300502, 1610612743, 47, 80, 10, 27, 27, 31, 6, 32, 35, 6, 10, 12, 23, 131
534, 0022300503, 1610612763, 43, 97, 17, 49, 18, 24, 15, 39, 29, 7, 8, 17, 24, 121
535, 0022300504, 1610612744, 45, 100, 14, 46, 14, 15, 15, 28, 30, 5, 4, 10, 11, 118
536, 0022300505, 1610612746, 36, 91, 14, 37, 17, 19, 13, 27, 21, 12, 5, 14, 19, 103
537, 0022300506, 1610612766, 40, 94, 17, 42, 15, 17, 14, 30, 26, 3, 7, 12, 22, 112
538, 0022300507, 1610612738, 47, 90, 17, 35, 20, 29, 13, 29, 26, 3, 8, 15, 20, 131
539, 0022300508, 1610612760, 52, 88, 14, 28, 18, 24, 10, 30, 37, 11, 7, 14, 21, 136
540, 0022300509, 1610612745, 37, 88, 14, 41, 25, 28, 12, 30, 20, 8, 4, 12, 31, 113
541, 0022300510, 1610612749, 42, 94, 17, 36, 15, 19, 11, 27, 31, 6, 6, 9, 20, 116
542, 0022300511, 1610612746, 53, 85, 15, 29, 17, 23, 11, 33, 32, 11, 3, 12, 21, 138
543, 0022300512, 1610612765, 40, 85, 14, 37, 16, 21, 13, 27, 27, 12, 2, 21, 19, 110
544, 0022300513, 1610612750, 43, 80, 12, 30, 15, 19, 5, 43, 34, 8, 4, 18, 18, 113
545, 0022300514, 1610612752, 37, 89, 18, 48, 20, 23, 15, 40, 26, 11, 4, 14, 16, 112
546, 0022300515, 1610612742, 36, 82, 9, 27, 22, 27, 8, 25, 20, 9, 4, 12, 17, 103
547, 0022300516, 1610612747, 44, 81, 16, 36, 28, 36, 5, 34, 34, 6, 4, 15, 16, 132
548, 0022300517, 1610612738, 39, 90, 19, 47, 30, 31, 7, 39, 21, 5, 4, 8, 19, 127
549, 0022300518, 1610612766, 35, 87, 16, 38, 12, 16, 8, 28, 17, 2, 3, 8, 16, 98
550, 0022300519, 1610612765, 44, 96, 10, 32, 10, 13, 9, 34, 33, 4, 3, 10, 19, 108
551, 0022300520, 1610612754, 41, 92, 8, 25, 22, 24, 14, 40, 31, 7, 6, 13, 22, 112
552, 0022300521, 1610612737, 48, 102, 12, 34, 31, 42, 16, 39, 32, 6, 8, 12, 21, 139
553, 0022300522, 1610612748, 41, 89, 15, 36, 23, 28, 8, 30, 25, 8, 3, 10, 13, 120
554, 0022300523, 1610612741, 42, 95, 19, 47, 21, 25, 8, 38, 31, 9, 4, 14, 19, 124
555, 0022300525, 1610612744, 39, 89, 12, 39, 15, 18, 14, 29, 24, 4, 4, 17, 19, 105
556, 0022300524, 1610612743, 37, 81, 13, 33, 24, 28, 8, 26, 26, 11, 4, 16, 23, 111
557, 0022300526, 1610612746, 49, 93, 15, 34, 13, 13, 11, 25, 34, 6, 5, 7, 17, 126
558, 0022300527, 1610612751, 37, 82, 8, 27, 20, 28, 9, 32, 18, 5, 4, 16, 29, 102
559, 0022300528, 1610612738, 34, 91, 9, 35, 25, 30, 6, 25, 22, 5, 5, 6, 13, 102
560, 0022300529, 1610612760, 53, 93, 14, 35, 19, 22, 8, 51, 41, 6, 8, 12, 10, 139
561, 0022300530, 1610612742, 44, 88, 17, 41, 23, 30, 11, 27, 27, 6, 2, 10, 19, 128
562, 0022300531, 1610612747, 40, 80, 13, 34, 16, 25, 7, 30, 33, 8, 4, 18, 19, 109
563, 0022300532, 1610612755, 40, 93, 15, 35, 17, 18, 14, 32, 23, 11, 9, 13, 19, 112
564, 0022300533, 1610612737, 40, 89, 11, 30, 17, 23, 12, 16, 25, 14, 2, 14, 13, 108
565, 0022300534, 1610612765, 44, 88, 12, 35, 10, 16, 11, 35, 32, 6, 9, 14, 21, 110
566, 0022300535, 1610612748, 37, 83, 8, 26, 17, 20, 12, 29, 23, 6, 1, 16, 17, 99
567, 0022300536, 1610612741, 50, 86, 18, 40, 13, 16, 6, 30, 31, 1, 3, 12, 21, 131
568, 0022300537, 1610612746, 49, 89, 15, 31, 15, 20, 11, 32, 22, 9, 7, 12, 16, 128
569, 0022300538, 1610612750, 44, 80, 11, 31, 17, 24, 8, 37, 35, 14, 5, 15, 23, 116
570, 0022300541, 1610612766, 32, 89, 10, 34, 25, 28, 16, 28, 22, 11, 3, 19, 24, 99
