1, 2024, 1610612738
2, 2024, 1610612760
3, 2024, 1610612743
4, 2024, 1610612752
5, 2024, 1610612749
6, 2024, 1610612750
7, 2024, 1610612739
8, 2024, 1610612746
9, 2024, 1610612742
10, 2024, 1610612753
11, 2024, 1610612754
12, 2024, 1610612756
13, 2024, 1610612740
14, 2024, 1610612755
15, 2024, 1610612747
16, 2024, 1610612748
17, 2024, 1610612741
18, 2024, 1610612758
19, 2024, 1610612737
20, 2024, 1610612744
21, 2024, 1610612745
22, 2024, 1610612751
23, 2024, 1610612761
24, 2024, 1610612762
25, 2024, 1610612763
26, 2024, 1610612766
27, 2024, 1610612759
28, 2024, 1610612764
29, 2024, 1610612757
30, 2024, 1610612765
